observation_index,historical_symbol,target_trade_date,target_cutoff_local,cik,fact_date,available_at,shares_outstanding,source_tag,form,accession,filed_date,staleness_days,source_grade,source_reference,staleness_exception_max_days,staleness_exception_reason,status,unresolved_reason,research_use_only
3001,CAKE,2015-03-26,2015-03-26T13:52:00-04:00,0000887596,2015-02-16,2015-03-02T23:59:59-05:00,49951875,dei:EntityCommonStockSharesOutstanding,10-K,0001104659-15-015350,2015-03-02,38,A,https://data.sec.gov/api/xbrl/companyconcept/CIK0000887596/dei/EntityCommonStockSharesOutstanding.json#accn=0001104659-15-015350,,,RESOLVED,,1
3002,CMP,2015-03-26,2015-03-26T15:16:00-04:00,0001227654,2015-02-19,2015-02-23T23:59:59-05:00,33615517,sec_cover_page,10-K,0001140361-15-008475,2015-02-23,35,A,https://www.sec.gov/Archives/edgar/data/1227654/000114036115008475/form10k.htm,,,RESOLVED,,1
3003,COL,2015-03-26,2015-03-26T13:59:00-04:00,0001137411,2015-01-19,2015-01-23T23:59:59-05:00,132287306,dei:EntityCommonStockSharesOutstanding,10-Q,0001137411-15-000029,2015-01-23,66,A,https://data.sec.gov/api/xbrl/companyconcept/CIK0001137411/dei/EntityCommonStockSharesOutstanding.json#accn=0001137411-15-000029,,,RESOLVED,,1
3004,CR,2015-03-26,2015-03-26T15:09:00-04:00,0000025445,2015-01-31,2015-02-25T23:59:59-05:00,58179987,sec_cover_page,10-K,0001628280-15-000998,2015-02-25,54,A,https://www.sec.gov/Archives/edgar/data/25445/000162828015000998/cr-20141231x10k.htm,,,RESOLVED,,1
3005,CREE,2015-03-26,2015-03-26T14:59:00-04:00,0000895419,2015-01-14,2015-01-21T23:59:59-05:00,111630099,dei:EntityCommonStockSharesOutstanding,10-Q,0000895419-15-000007,2015-01-21,71,A,https://data.sec.gov/api/xbrl/companyconcept/CIK0000895419/dei/EntityCommonStockSharesOutstanding.json#accn=0000895419-15-000007,,,RESOLVED,,1
3006,GME,2015-03-26,2015-03-26T15:12:00-04:00,0001326380,2014-12-03,2014-12-10T23:59:59-05:00,108515426,dei:EntityCommonStockSharesOutstanding,10-Q,0001326380-14-000007,2014-12-10,113,A,https://data.sec.gov/api/xbrl/companyconcept/CIK0001326380/dei/EntityCommonStockSharesOutstanding.json#accn=0001326380-14-000007,,,RESOLVED,,1
3007,ILMN,2015-03-26,2015-03-26T14:18:00-04:00,0001110803,2015-01-30,2015-02-18T23:59:59-05:00,143800000,dei:EntityCommonStockSharesOutstanding,10-K,0001110803-15-000064,2015-02-18,55,A,https://data.sec.gov/api/xbrl/companyconcept/CIK0001110803/dei/EntityCommonStockSharesOutstanding.json#accn=0001110803-15-000064,,,RESOLVED,,1
3008,MAT,2015-03-26,2015-03-26T14:09:00-04:00,0000063276,2015-02-13,2015-02-25T23:59:59-05:00,338254021,dei:EntityCommonStockSharesOutstanding,10-K,0001193125-15-062193,2015-02-25,41,A,https://data.sec.gov/api/xbrl/companyconcept/CIK0000063276/dei/EntityCommonStockSharesOutstanding.json#accn=0001193125-15-062193,,,RESOLVED,,1
3009,NOW,2015-03-26,2015-03-26T14:03:00-04:00,0001373715,2015-01-31,2015-02-27T23:59:59-05:00,150500000,dei:EntityCommonStockSharesOutstanding,10-K,0001373715-15-000067,2015-02-27,54,A,https://data.sec.gov/api/xbrl/companyconcept/CIK0001373715/dei/EntityCommonStockSharesOutstanding.json#accn=0001373715-15-000067,,,RESOLVED,,1
3010,OSK,2015-03-26,2015-03-26T14:59:00-04:00,0000775158,2015-01-20,2015-01-27T23:59:59-05:00,78140407,sec_cover_page,10-Q,0000775158-15-000002,2015-01-27,65,A,https://www.sec.gov/Archives/edgar/data/775158/000077515815000002/osk10q123114.htm,,,RESOLVED,,1
3011,RH,2015-03-26,2015-03-26T15:11:00-04:00,0001528849,2014-12-05,2014-12-11T23:59:59-05:00,39577121,dei:EntityCommonStockSharesOutstanding,10-Q,0001193125-14-440126,2014-12-11,111,A,https://data.sec.gov/api/xbrl/companyconcept/CIK0001528849/dei/EntityCommonStockSharesOutstanding.json#accn=0001193125-14-440126,,,RESOLVED,,1
3012,SKX,2015-03-26,2015-03-26T14:54:00-04:00,0001065837,2015-02-17,2015-02-27T23:59:59-05:00,52021294,sec_cover_page,10-K,0001193125-15-068511,2015-02-27,37,A,https://www.sec.gov/Archives/edgar/data/1065837/000119312515068511/d846076d10k.htm,,,RESOLVED,,1
3013,SNX,2015-03-26,2015-03-26T15:24:00-04:00,0001177394,2015-01-20,2015-01-29T23:59:59-05:00,39458421,dei:EntityCommonStockSharesOutstanding,10-K,0001177394-15-000007,2015-01-29,65,A,https://data.sec.gov/api/xbrl/companyconcept/CIK0001177394/dei/EntityCommonStockSharesOutstanding.json#accn=0001177394-15-000007,,,RESOLVED,,1
3014,TXT,2015-03-26,2015-03-26T15:04:00-04:00,0000217346,2015-02-07,2015-02-25T23:59:59-05:00,276834630,sec_cover_page,10-K,0001104659-15-013784,2015-02-25,47,A,https://www.sec.gov/Archives/edgar/data/217346/000110465915013784/a14-26298_110k.htm,,,RESOLVED,,1
3015,ACHC,2015-03-27,2015-03-27T14:05:00-04:00,0001520697,2015-02-27,2015-02-27T23:59:59-05:00,66452931,sec_cover_page,10-K,0001193125-15-069793,2015-02-27,28,A,https://www.sec.gov/Archives/edgar/data/1520697/000119312515069793/d854534d10k.htm,,,RESOLVED,,1
3016,ALSN,2015-03-27,2015-03-27T14:47:00-04:00,0001411207,2015-02-05,2015-02-20T23:59:59-05:00,180053650,dei:EntityCommonStockSharesOutstanding,10-K,0001193125-15-055034,2015-02-20,50,A,https://data.sec.gov/api/xbrl/companyconcept/CIK0001411207/dei/EntityCommonStockSharesOutstanding.json#accn=0001193125-15-055034,,,RESOLVED,,1
3017,AMP,2015-03-27,2015-03-27T14:52:00-04:00,0000820027,2015-02-13,2015-02-24T23:59:59-05:00,182511452,dei:EntityCommonStockSharesOutstanding,10-K,0000820027-15-000024,2015-02-24,42,A,https://data.sec.gov/api/xbrl/companyconcept/CIK0000820027/dei/EntityCommonStockSharesOutstanding.json#accn=0000820027-15-000024,,,RESOLVED,,1
3018,CAKE,2015-03-27,2015-03-27T13:52:00-04:00,0000887596,2015-02-16,2015-03-02T23:59:59-05:00,49951875,dei:EntityCommonStockSharesOutstanding,10-K,0001104659-15-015350,2015-03-02,39,A,https://data.sec.gov/api/xbrl/companyconcept/CIK0000887596/dei/EntityCommonStockSharesOutstanding.json#accn=0001104659-15-015350,,,RESOLVED,,1
3019,CMP,2015-03-27,2015-03-27T15:16:00-04:00,0001227654,2015-02-19,2015-02-23T23:59:59-05:00,33615517,sec_cover_page,10-K,0001140361-15-008475,2015-02-23,36,A,https://www.sec.gov/Archives/edgar/data/1227654/000114036115008475/form10k.htm,,,RESOLVED,,1
3020,COL,2015-03-27,2015-03-27T13:59:00-04:00,0001137411,2015-01-19,2015-01-23T23:59:59-05:00,132287306,dei:EntityCommonStockSharesOutstanding,10-Q,0001137411-15-000029,2015-01-23,67,A,https://data.sec.gov/api/xbrl/companyconcept/CIK0001137411/dei/EntityCommonStockSharesOutstanding.json#accn=0001137411-15-000029,,,RESOLVED,,1
3021,CR,2015-03-27,2015-03-27T15:09:00-04:00,0000025445,2015-01-31,2015-02-25T23:59:59-05:00,58179987,sec_cover_page,10-K,0001628280-15-000998,2015-02-25,55,A,https://www.sec.gov/Archives/edgar/data/25445/000162828015000998/cr-20141231x10k.htm,,,RESOLVED,,1
3022,CREE,2015-03-27,2015-03-27T14:59:00-04:00,0000895419,2015-01-14,2015-01-21T23:59:59-05:00,111630099,dei:EntityCommonStockSharesOutstanding,10-Q,0000895419-15-000007,2015-01-21,72,A,https://data.sec.gov/api/xbrl/companyconcept/CIK0000895419/dei/EntityCommonStockSharesOutstanding.json#accn=0000895419-15-000007,,,RESOLVED,,1
3023,ILMN,2015-03-27,2015-03-27T14:18:00-04:00,0001110803,2015-01-30,2015-02-18T23:59:59-05:00,143800000,dei:EntityCommonStockSharesOutstanding,10-K,0001110803-15-000064,2015-02-18,56,A,https://data.sec.gov/api/xbrl/companyconcept/CIK0001110803/dei/EntityCommonStockSharesOutstanding.json#accn=0001110803-15-000064,,,RESOLVED,,1
3024,MAT,2015-03-27,2015-03-27T14:09:00-04:00,0000063276,2015-02-13,2015-02-25T23:59:59-05:00,338254021,dei:EntityCommonStockSharesOutstanding,10-K,0001193125-15-062193,2015-02-25,42,A,https://data.sec.gov/api/xbrl/companyconcept/CIK0000063276/dei/EntityCommonStockSharesOutstanding.json#accn=0001193125-15-062193,,,RESOLVED,,1
3025,NATI,2015-03-27,2015-03-27T13:29:00-04:00,0000935494,2015-02-17,2015-02-19T23:59:59-05:00,128137405,sec_cover_page,10-K,0000935494-15-000007,2015-02-19,38,A,https://www.sec.gov/Archives/edgar/data/935494/000093549415000007/nati-20141231x10k.htm,,,RESOLVED,,1
3026,NOW,2015-03-27,2015-03-27T14:03:00-04:00,0001373715,2015-01-31,2015-02-27T23:59:59-05:00,150500000,dei:EntityCommonStockSharesOutstanding,10-K,0001373715-15-000067,2015-02-27,55,A,https://data.sec.gov/api/xbrl/companyconcept/CIK0001373715/dei/EntityCommonStockSharesOutstanding.json#accn=0001373715-15-000067,,,RESOLVED,,1
3027,OSK,2015-03-27,2015-03-27T14:59:00-04:00,0000775158,2015-01-20,2015-01-27T23:59:59-05:00,78140407,sec_cover_page,10-Q,0000775158-15-000002,2015-01-27,66,A,https://www.sec.gov/Archives/edgar/data/775158/000077515815000002/osk10q123114.htm,,,RESOLVED,,1
3028,SKX,2015-03-27,2015-03-27T14:54:00-04:00,0001065837,2015-02-17,2015-02-27T23:59:59-05:00,52021294,sec_cover_page,10-K,0001193125-15-068511,2015-02-27,38,A,https://www.sec.gov/Archives/edgar/data/1065837/000119312515068511/d846076d10k.htm,,,RESOLVED,,1
3029,SNX,2015-03-27,2015-03-27T15:24:00-04:00,0001177394,2015-01-20,2015-01-29T23:59:59-05:00,39458421,dei:EntityCommonStockSharesOutstanding,10-K,0001177394-15-000007,2015-01-29,66,A,https://data.sec.gov/api/xbrl/companyconcept/CIK0001177394/dei/EntityCommonStockSharesOutstanding.json#accn=0001177394-15-000007,,,RESOLVED,,1
3030,TXT,2015-03-27,2015-03-27T15:04:00-04:00,0000217346,2015-02-07,2015-02-25T23:59:59-05:00,276834630,sec_cover_page,10-K,0001104659-15-013784,2015-02-25,48,A,https://www.sec.gov/Archives/edgar/data/217346/000110465915013784/a14-26298_110k.htm,,,RESOLVED,,1
3031,ACHC,2015-03-30,2015-03-30T14:05:00-04:00,0001520697,2015-02-27,2015-02-27T23:59:59-05:00,66452931,sec_cover_page,10-K,0001193125-15-069793,2015-02-27,31,A,https://www.sec.gov/Archives/edgar/data/1520697/000119312515069793/d854534d10k.htm,,,RESOLVED,,1
3032,ALSN,2015-03-30,2015-03-30T14:47:00-04:00,0001411207,2015-02-05,2015-02-20T23:59:59-05:00,180053650,dei:EntityCommonStockSharesOutstanding,10-K,0001193125-15-055034,2015-02-20,53,A,https://data.sec.gov/api/xbrl/companyconcept/CIK0001411207/dei/EntityCommonStockSharesOutstanding.json#accn=0001193125-15-055034,,,RESOLVED,,1
3033,AMP,2015-03-30,2015-03-30T14:52:00-04:00,0000820027,2015-02-13,2015-02-24T23:59:59-05:00,182511452,dei:EntityCommonStockSharesOutstanding,10-K,0000820027-15-000024,2015-02-24,45,A,https://data.sec.gov/api/xbrl/companyconcept/CIK0000820027/dei/EntityCommonStockSharesOutstanding.json#accn=0000820027-15-000024,,,RESOLVED,,1
3034,CACI,2015-03-30,2015-03-30T14:24:00-04:00,0000016058,2015-01-26,2015-01-30T23:59:59-05:00,24162793,sec_cover_page,10-Q,0001193125-15-027286,2015-01-30,63,A,https://www.sec.gov/Archives/edgar/data/16058/000119312515027286/d858591d10q.htm,,,RESOLVED,,1
3035,CAKE,2015-03-30,2015-03-30T13:52:00-04:00,0000887596,2015-02-16,2015-03-02T23:59:59-05:00,49951875,dei:EntityCommonStockSharesOutstanding,10-K,0001104659-15-015350,2015-03-02,42,A,https://data.sec.gov/api/xbrl/companyconcept/CIK0000887596/dei/EntityCommonStockSharesOutstanding.json#accn=0001104659-15-015350,,,RESOLVED,,1
3036,CBT,2015-03-30,2015-03-30T13:03:00-04:00,0000016040,2015-02-03,2015-02-05T23:59:59-05:00,63717924,sec_cover_page,10-Q,0001193125-15-035405,2015-02-05,55,A,https://www.sec.gov/Archives/edgar/data/16040/000119312515035405/d850813d10q.htm,,,RESOLVED,,1
3037,CMP,2015-03-30,2015-03-30T15:16:00-04:00,0001227654,2015-02-19,2015-02-23T23:59:59-05:00,33615517,sec_cover_page,10-K,0001140361-15-008475,2015-02-23,39,A,https://www.sec.gov/Archives/edgar/data/1227654/000114036115008475/form10k.htm,,,RESOLVED,,1
3038,COL,2015-03-30,2015-03-30T13:59:00-04:00,0001137411,2015-01-19,2015-01-23T23:59:59-05:00,132287306,dei:EntityCommonStockSharesOutstanding,10-Q,0001137411-15-000029,2015-01-23,70,A,https://data.sec.gov/api/xbrl/companyconcept/CIK0001137411/dei/EntityCommonStockSharesOutstanding.json#accn=0001137411-15-000029,,,RESOLVED,,1
3039,CR,2015-03-30,2015-03-30T15:09:00-04:00,0000025445,2015-01-31,2015-02-25T23:59:59-05:00,58179987,sec_cover_page,10-K,0001628280-15-000998,2015-02-25,58,A,https://www.sec.gov/Archives/edgar/data/25445/000162828015000998/cr-20141231x10k.htm,,,RESOLVED,,1
3040,CREE,2015-03-30,2015-03-30T14:59:00-04:00,0000895419,2015-01-14,2015-01-21T23:59:59-05:00,111630099,dei:EntityCommonStockSharesOutstanding,10-Q,0000895419-15-000007,2015-01-21,75,A,https://data.sec.gov/api/xbrl/companyconcept/CIK0000895419/dei/EntityCommonStockSharesOutstanding.json#accn=0000895419-15-000007,,,RESOLVED,,1
3041,ILMN,2015-03-30,2015-03-30T14:18:00-04:00,0001110803,2015-01-30,2015-02-18T23:59:59-05:00,143800000,dei:EntityCommonStockSharesOutstanding,10-K,0001110803-15-000064,2015-02-18,59,A,https://data.sec.gov/api/xbrl/companyconcept/CIK0001110803/dei/EntityCommonStockSharesOutstanding.json#accn=0001110803-15-000064,,,RESOLVED,,1
3042,MAT,2015-03-30,2015-03-30T14:09:00-04:00,0000063276,2015-02-13,2015-02-25T23:59:59-05:00,338254021,dei:EntityCommonStockSharesOutstanding,10-K,0001193125-15-062193,2015-02-25,45,A,https://data.sec.gov/api/xbrl/companyconcept/CIK0000063276/dei/EntityCommonStockSharesOutstanding.json#accn=0001193125-15-062193,,,RESOLVED,,1
3043,NATI,2015-03-30,2015-03-30T13:29:00-04:00,0000935494,2015-02-17,2015-02-19T23:59:59-05:00,128137405,sec_cover_page,10-K,0000935494-15-000007,2015-02-19,41,A,https://www.sec.gov/Archives/edgar/data/935494/000093549415000007/nati-20141231x10k.htm,,,RESOLVED,,1
3044,NOW,2015-03-30,2015-03-30T14:03:00-04:00,0001373715,2015-01-31,2015-02-27T23:59:59-05:00,150500000,dei:EntityCommonStockSharesOutstanding,10-K,0001373715-15-000067,2015-02-27,58,A,https://data.sec.gov/api/xbrl/companyconcept/CIK0001373715/dei/EntityCommonStockSharesOutstanding.json#accn=0001373715-15-000067,,,RESOLVED,,1
3045,OSK,2015-03-30,2015-03-30T14:59:00-04:00,0000775158,2015-01-20,2015-01-27T23:59:59-05:00,78140407,sec_cover_page,10-Q,0000775158-15-000002,2015-01-27,69,A,https://www.sec.gov/Archives/edgar/data/775158/000077515815000002/osk10q123114.htm,,,RESOLVED,,1
3046,PBI,2015-03-30,2015-03-30T14:17:00-04:00,0000078814,2015-02-12,2015-02-20T23:59:59-05:00,201622001,sec_cover_page,10-K,0000078814-15-000006,2015-02-20,46,A,https://www.sec.gov/Archives/edgar/data/78814/000007881415000006/pbi2014123110k.htm,,,RESOLVED,,1
3047,POWI,2015-03-30,2015-03-30T14:53:00-04:00,0000833640,2015-01-30,2015-02-10T23:59:59-05:00,29331133,sec_cover_page,10-K,0000833640-15-000060,2015-02-10,59,A,https://www.sec.gov/Archives/edgar/data/833640/000083364015000060/powi-2014123110k.htm,,,RESOLVED,,1
3048,ROG,2015-03-30,2015-03-30T14:59:00-04:00,0000084748,2015-02-04,2015-02-18T23:59:59-05:00,18415753,sec_cover_page,10-K,0000084748-15-000003,2015-02-18,54,A,https://www.sec.gov/Archives/edgar/data/84748/000008474815000003/rog-20141231x10k.htm,,,RESOLVED,,1
3049,SKX,2015-03-30,2015-03-30T14:54:00-04:00,0001065837,2015-02-17,2015-02-27T23:59:59-05:00,52021294,sec_cover_page,10-K,0001193125-15-068511,2015-02-27,41,A,https://www.sec.gov/Archives/edgar/data/1065837/000119312515068511/d846076d10k.htm,,,RESOLVED,,1
3050,SNX,2015-03-30,2015-03-30T15:24:00-04:00,0001177394,2015-01-20,2015-01-29T23:59:59-05:00,39458421,dei:EntityCommonStockSharesOutstanding,10-K,0001177394-15-000007,2015-01-29,69,A,https://data.sec.gov/api/xbrl/companyconcept/CIK0001177394/dei/EntityCommonStockSharesOutstanding.json#accn=0001177394-15-000007,,,RESOLVED,,1
3051,TXT,2015-03-30,2015-03-30T15:04:00-04:00,0000217346,2015-02-07,2015-02-25T23:59:59-05:00,276834630,sec_cover_page,10-K,0001104659-15-013784,2015-02-25,51,A,https://www.sec.gov/Archives/edgar/data/217346/000110465915013784/a14-26298_110k.htm,,,RESOLVED,,1
3052,ACHC,2015-03-31,2015-03-31T14:05:00-04:00,0001520697,2015-02-27,2015-02-27T23:59:59-05:00,66452931,sec_cover_page,10-K,0001193125-15-069793,2015-02-27,32,A,https://www.sec.gov/Archives/edgar/data/1520697/000119312515069793/d854534d10k.htm,,,RESOLVED,,1
3053,ALSN,2015-03-31,2015-03-31T14:47:00-04:00,0001411207,2015-02-05,2015-02-20T23:59:59-05:00,180053650,dei:EntityCommonStockSharesOutstanding,10-K,0001193125-15-055034,2015-02-20,54,A,https://data.sec.gov/api/xbrl/companyconcept/CIK0001411207/dei/EntityCommonStockSharesOutstanding.json#accn=0001193125-15-055034,,,RESOLVED,,1
3054,AMP,2015-03-31,2015-03-31T14:52:00-04:00,0000820027,2015-02-13,2015-02-24T23:59:59-05:00,182511452,dei:EntityCommonStockSharesOutstanding,10-K,0000820027-15-000024,2015-02-24,46,A,https://data.sec.gov/api/xbrl/companyconcept/CIK0000820027/dei/EntityCommonStockSharesOutstanding.json#accn=0000820027-15-000024,,,RESOLVED,,1
3055,CACI,2015-03-31,2015-03-31T14:24:00-04:00,0000016058,2015-01-26,2015-01-30T23:59:59-05:00,24162793,sec_cover_page,10-Q,0001193125-15-027286,2015-01-30,64,A,https://www.sec.gov/Archives/edgar/data/16058/000119312515027286/d858591d10q.htm,,,RESOLVED,,1
3056,CAKE,2015-03-31,2015-03-31T13:52:00-04:00,0000887596,2015-02-16,2015-03-02T23:59:59-05:00,49951875,dei:EntityCommonStockSharesOutstanding,10-K,0001104659-15-015350,2015-03-02,43,A,https://data.sec.gov/api/xbrl/companyconcept/CIK0000887596/dei/EntityCommonStockSharesOutstanding.json#accn=0001104659-15-015350,,,RESOLVED,,1
3057,CBT,2015-03-31,2015-03-31T13:03:00-04:00,0000016040,2015-02-03,2015-02-05T23:59:59-05:00,63717924,sec_cover_page,10-Q,0001193125-15-035405,2015-02-05,56,A,https://www.sec.gov/Archives/edgar/data/16040/000119312515035405/d850813d10q.htm,,,RESOLVED,,1
3058,CLD,2015-03-31,2015-03-31T15:03:00-04:00,0001441849,2015-02-11,2015-02-18T23:59:59-05:00,61021242,sec_cover_page,10-K,0001104659-15-011392,2015-02-18,48,A,https://www.sec.gov/Archives/edgar/data/1441849/000110465915011392/a15-1789_110k.htm,,,RESOLVED,,1
3059,CMP,2015-03-31,2015-03-31T15:16:00-04:00,0001227654,2015-02-19,2015-02-23T23:59:59-05:00,33615517,sec_cover_page,10-K,0001140361-15-008475,2015-02-23,40,A,https://www.sec.gov/Archives/edgar/data/1227654/000114036115008475/form10k.htm,,,RESOLVED,,1
3060,COL,2015-03-31,2015-03-31T13:59:00-04:00,0001137411,2015-01-19,2015-01-23T23:59:59-05:00,132287306,dei:EntityCommonStockSharesOutstanding,10-Q,0001137411-15-000029,2015-01-23,71,A,https://data.sec.gov/api/xbrl/companyconcept/CIK0001137411/dei/EntityCommonStockSharesOutstanding.json#accn=0001137411-15-000029,,,RESOLVED,,1
3061,COLM,2015-03-31,2015-03-31T14:43:00-04:00,0001050797,2015-02-13,2015-02-26T23:59:59-05:00,69901076,sec_cover_page,10-K,0001050797-15-000002,2015-02-26,46,A,https://www.sec.gov/Archives/edgar/data/1050797/000105079715000002/colm-20141231x10k.htm,,,RESOLVED,,1
3062,CR,2015-03-31,2015-03-31T15:09:00-04:00,0000025445,2015-01-31,2015-02-25T23:59:59-05:00,58179987,sec_cover_page,10-K,0001628280-15-000998,2015-02-25,59,A,https://www.sec.gov/Archives/edgar/data/25445/000162828015000998/cr-20141231x10k.htm,,,RESOLVED,,1
3063,CREE,2015-03-31,2015-03-31T14:59:00-04:00,0000895419,2015-01-14,2015-01-21T23:59:59-05:00,111630099,dei:EntityCommonStockSharesOutstanding,10-Q,0000895419-15-000007,2015-01-21,76,A,https://data.sec.gov/api/xbrl/companyconcept/CIK0000895419/dei/EntityCommonStockSharesOutstanding.json#accn=0000895419-15-000007,,,RESOLVED,,1
3064,FLT,2015-03-31,2015-03-31T14:58:00-04:00,0001175454,2015-02-06,2015-03-02T23:59:59-05:00,91677376,sec_cover_page,10-K,0001193125-15-073581,2015-03-02,53,A,https://www.sec.gov/Archives/edgar/data/1175454/000119312515073581/d831300d10k.htm,,,RESOLVED,,1
3065,ILMN,2015-03-31,2015-03-31T14:18:00-04:00,0001110803,2015-01-30,2015-02-18T23:59:59-05:00,143800000,dei:EntityCommonStockSharesOutstanding,10-K,0001110803-15-000064,2015-02-18,60,A,https://data.sec.gov/api/xbrl/companyconcept/CIK0001110803/dei/EntityCommonStockSharesOutstanding.json#accn=0001110803-15-000064,,,RESOLVED,,1
3066,INT,2015-03-31,2015-03-31T15:10:00-04:00,0000789460,2015-02-05,2015-02-12T23:59:59-05:00,72091000,sec_cover_page,10-K,0001558370-15-000073,2015-02-12,54,B,https://www.sec.gov/Archives/edgar/data/789460/000155837015000073/int-20141231x10k.htm,,,RESOLVED,,1
3067,MAT,2015-03-31,2015-03-31T14:09:00-04:00,0000063276,2015-02-13,2015-02-25T23:59:59-05:00,338254021,dei:EntityCommonStockSharesOutstanding,10-K,0001193125-15-062193,2015-02-25,46,A,https://data.sec.gov/api/xbrl/companyconcept/CIK0000063276/dei/EntityCommonStockSharesOutstanding.json#accn=0001193125-15-062193,,,RESOLVED,,1
3068,NATI,2015-03-31,2015-03-31T13:29:00-04:00,0000935494,2015-02-17,2015-02-19T23:59:59-05:00,128137405,sec_cover_page,10-K,0000935494-15-000007,2015-02-19,42,A,https://www.sec.gov/Archives/edgar/data/935494/000093549415000007/nati-20141231x10k.htm,,,RESOLVED,,1
3069,NOW,2015-03-31,2015-03-31T14:03:00-04:00,0001373715,2015-01-31,2015-02-27T23:59:59-05:00,150500000,dei:EntityCommonStockSharesOutstanding,10-K,0001373715-15-000067,2015-02-27,59,A,https://data.sec.gov/api/xbrl/companyconcept/CIK0001373715/dei/EntityCommonStockSharesOutstanding.json#accn=0001373715-15-000067,,,RESOLVED,,1
3070,OSK,2015-03-31,2015-03-31T14:59:00-04:00,0000775158,2015-01-20,2015-01-27T23:59:59-05:00,78140407,sec_cover_page,10-Q,0000775158-15-000002,2015-01-27,70,A,https://www.sec.gov/Archives/edgar/data/775158/000077515815000002/osk10q123114.htm,,,RESOLVED,,1
3071,PBI,2015-03-31,2015-03-31T14:17:00-04:00,0000078814,2015-02-12,2015-02-20T23:59:59-05:00,201622001,sec_cover_page,10-K,0000078814-15-000006,2015-02-20,47,A,https://www.sec.gov/Archives/edgar/data/78814/000007881415000006/pbi2014123110k.htm,,,RESOLVED,,1
3072,POWI,2015-03-31,2015-03-31T14:53:00-04:00,0000833640,2015-01-30,2015-02-10T23:59:59-05:00,29331133,sec_cover_page,10-K,0000833640-15-000060,2015-02-10,60,A,https://www.sec.gov/Archives/edgar/data/833640/000083364015000060/powi-2014123110k.htm,,,RESOLVED,,1
3073,ROG,2015-03-31,2015-03-31T14:59:00-04:00,0000084748,2015-02-04,2015-02-18T23:59:59-05:00,18415753,sec_cover_page,10-K,0000084748-15-000003,2015-02-18,55,A,https://www.sec.gov/Archives/edgar/data/84748/000008474815000003/rog-20141231x10k.htm,,,RESOLVED,,1
3074,ROVI,2015-03-31,2015-03-31T14:18:00-04:00,0001424454,2015-02-13,2015-02-19T23:59:59-05:00,91939167,sec_cover_page,10-K,0001424454-15-000010,2015-02-19,46,A,https://www.sec.gov/Archives/edgar/data/1424454/000142445415000010/rovi12311410k.htm,,,RESOLVED,,1
3075,SGEN,2015-03-31,2015-03-31T13:48:00-04:00,0001060736,2015-02-23,2015-02-27T23:59:59-05:00,124318682,sec_cover_page,10-K,0001193125-15-069861,2015-02-27,36,A,https://www.sec.gov/Archives/edgar/data/1060736/000119312515069861/d823767d10k.htm,,,RESOLVED,,1
3076,SKX,2015-03-31,2015-03-31T14:54:00-04:00,0001065837,2015-02-17,2015-02-27T23:59:59-05:00,52021294,sec_cover_page,10-K,0001193125-15-068511,2015-02-27,42,A,https://www.sec.gov/Archives/edgar/data/1065837/000119312515068511/d846076d10k.htm,,,RESOLVED,,1
3077,SNX,2015-03-31,2015-03-31T15:24:00-04:00,0001177394,2015-01-20,2015-01-29T23:59:59-05:00,39458421,dei:EntityCommonStockSharesOutstanding,10-K,0001177394-15-000007,2015-01-29,70,A,https://data.sec.gov/api/xbrl/companyconcept/CIK0001177394/dei/EntityCommonStockSharesOutstanding.json#accn=0001177394-15-000007,,,RESOLVED,,1
3078,TXT,2015-03-31,2015-03-31T15:04:00-04:00,0000217346,2015-02-07,2015-02-25T23:59:59-05:00,276834630,sec_cover_page,10-K,0001104659-15-013784,2015-02-25,52,A,https://www.sec.gov/Archives/edgar/data/217346/000110465915013784/a14-26298_110k.htm,,,RESOLVED,,1
3079,ACHC,2015-04-01,2015-04-01T14:05:00-04:00,0001520697,2015-02-27,2015-02-27T23:59:59-05:00,66452931,sec_cover_page,10-K,0001193125-15-069793,2015-02-27,33,A,https://www.sec.gov/Archives/edgar/data/1520697/000119312515069793/d854534d10k.htm,,,RESOLVED,,1
3080,ALSN,2015-04-01,2015-04-01T14:47:00-04:00,0001411207,2015-02-05,2015-02-20T23:59:59-05:00,180053650,dei:EntityCommonStockSharesOutstanding,10-K,0001193125-15-055034,2015-02-20,55,A,https://data.sec.gov/api/xbrl/companyconcept/CIK0001411207/dei/EntityCommonStockSharesOutstanding.json#accn=0001193125-15-055034,,,RESOLVED,,1
3081,AMP,2015-04-01,2015-04-01T14:52:00-04:00,0000820027,2015-02-13,2015-02-24T23:59:59-05:00,182511452,dei:EntityCommonStockSharesOutstanding,10-K,0000820027-15-000024,2015-02-24,47,A,https://data.sec.gov/api/xbrl/companyconcept/CIK0000820027/dei/EntityCommonStockSharesOutstanding.json#accn=0000820027-15-000024,,,RESOLVED,,1
3082,CACI,2015-04-01,2015-04-01T14:24:00-04:00,0000016058,2015-01-26,2015-01-30T23:59:59-05:00,24162793,sec_cover_page,10-Q,0001193125-15-027286,2015-01-30,65,A,https://www.sec.gov/Archives/edgar/data/16058/000119312515027286/d858591d10q.htm,,,RESOLVED,,1
3083,CAKE,2015-04-01,2015-04-01T13:52:00-04:00,0000887596,2015-02-16,2015-03-02T23:59:59-05:00,49951875,dei:EntityCommonStockSharesOutstanding,10-K,0001104659-15-015350,2015-03-02,44,A,https://data.sec.gov/api/xbrl/companyconcept/CIK0000887596/dei/EntityCommonStockSharesOutstanding.json#accn=0001104659-15-015350,,,RESOLVED,,1
3084,CBT,2015-04-01,2015-04-01T13:03:00-04:00,0000016040,2015-02-03,2015-02-05T23:59:59-05:00,63717924,sec_cover_page,10-Q,0001193125-15-035405,2015-02-05,57,A,https://www.sec.gov/Archives/edgar/data/16040/000119312515035405/d850813d10q.htm,,,RESOLVED,,1
3085,CLD,2015-04-01,2015-04-01T15:03:00-04:00,0001441849,2015-02-11,2015-02-18T23:59:59-05:00,61021242,sec_cover_page,10-K,0001104659-15-011392,2015-02-18,49,A,https://www.sec.gov/Archives/edgar/data/1441849/000110465915011392/a15-1789_110k.htm,,,RESOLVED,,1
3086,CMP,2015-04-01,2015-04-01T15:16:00-04:00,0001227654,2015-02-19,2015-02-23T23:59:59-05:00,33615517,sec_cover_page,10-K,0001140361-15-008475,2015-02-23,41,A,https://www.sec.gov/Archives/edgar/data/1227654/000114036115008475/form10k.htm,,,RESOLVED,,1
3087,COL,2015-04-01,2015-04-01T13:59:00-04:00,0001137411,2015-01-19,2015-01-23T23:59:59-05:00,132287306,dei:EntityCommonStockSharesOutstanding,10-Q,0001137411-15-000029,2015-01-23,72,A,https://data.sec.gov/api/xbrl/companyconcept/CIK0001137411/dei/EntityCommonStockSharesOutstanding.json#accn=0001137411-15-000029,,,RESOLVED,,1
3088,COLM,2015-04-01,2015-04-01T14:43:00-04:00,0001050797,2015-02-13,2015-02-26T23:59:59-05:00,69901076,sec_cover_page,10-K,0001050797-15-000002,2015-02-26,47,A,https://www.sec.gov/Archives/edgar/data/1050797/000105079715000002/colm-20141231x10k.htm,,,RESOLVED,,1
3089,CR,2015-04-01,2015-04-01T15:09:00-04:00,0000025445,2015-01-31,2015-02-25T23:59:59-05:00,58179987,sec_cover_page,10-K,0001628280-15-000998,2015-02-25,60,A,https://www.sec.gov/Archives/edgar/data/25445/000162828015000998/cr-20141231x10k.htm,,,RESOLVED,,1
3090,CREE,2015-04-01,2015-04-01T14:59:00-04:00,0000895419,2015-01-14,2015-01-21T23:59:59-05:00,111630099,dei:EntityCommonStockSharesOutstanding,10-Q,0000895419-15-000007,2015-01-21,77,A,https://data.sec.gov/api/xbrl/companyconcept/CIK0000895419/dei/EntityCommonStockSharesOutstanding.json#accn=0000895419-15-000007,,,RESOLVED,,1
3091,FLT,2015-04-01,2015-04-01T14:58:00-04:00,0001175454,2015-02-06,2015-03-02T23:59:59-05:00,91677376,sec_cover_page,10-K,0001193125-15-073581,2015-03-02,54,A,https://www.sec.gov/Archives/edgar/data/1175454/000119312515073581/d831300d10k.htm,,,RESOLVED,,1
3092,ILMN,2015-04-01,2015-04-01T14:18:00-04:00,0001110803,2015-01-30,2015-02-18T23:59:59-05:00,143800000,dei:EntityCommonStockSharesOutstanding,10-K,0001110803-15-000064,2015-02-18,61,A,https://data.sec.gov/api/xbrl/companyconcept/CIK0001110803/dei/EntityCommonStockSharesOutstanding.json#accn=0001110803-15-000064,,,RESOLVED,,1
3093,INT,2015-04-01,2015-04-01T15:10:00-04:00,0000789460,2015-02-05,2015-02-12T23:59:59-05:00,72091000,sec_cover_page,10-K,0001558370-15-000073,2015-02-12,55,B,https://www.sec.gov/Archives/edgar/data/789460/000155837015000073/int-20141231x10k.htm,,,RESOLVED,,1
3094,MAT,2015-04-01,2015-04-01T14:09:00-04:00,0000063276,2015-02-13,2015-02-25T23:59:59-05:00,338254021,dei:EntityCommonStockSharesOutstanding,10-K,0001193125-15-062193,2015-02-25,47,A,https://data.sec.gov/api/xbrl/companyconcept/CIK0000063276/dei/EntityCommonStockSharesOutstanding.json#accn=0001193125-15-062193,,,RESOLVED,,1
3095,NATI,2015-04-01,2015-04-01T13:29:00-04:00,0000935494,2015-02-17,2015-02-19T23:59:59-05:00,128137405,sec_cover_page,10-K,0000935494-15-000007,2015-02-19,43,A,https://www.sec.gov/Archives/edgar/data/935494/000093549415000007/nati-20141231x10k.htm,,,RESOLVED,,1
3096,NOW,2015-04-01,2015-04-01T14:03:00-04:00,0001373715,2015-01-31,2015-02-27T23:59:59-05:00,150500000,dei:EntityCommonStockSharesOutstanding,10-K,0001373715-15-000067,2015-02-27,60,A,https://data.sec.gov/api/xbrl/companyconcept/CIK0001373715/dei/EntityCommonStockSharesOutstanding.json#accn=0001373715-15-000067,,,RESOLVED,,1
3097,OSK,2015-04-01,2015-04-01T14:59:00-04:00,0000775158,2015-01-20,2015-01-27T23:59:59-05:00,78140407,sec_cover_page,10-Q,0000775158-15-000002,2015-01-27,71,A,https://www.sec.gov/Archives/edgar/data/775158/000077515815000002/osk10q123114.htm,,,RESOLVED,,1
3098,PBI,2015-04-01,2015-04-01T14:17:00-04:00,0000078814,2015-02-12,2015-02-20T23:59:59-05:00,201622001,sec_cover_page,10-K,0000078814-15-000006,2015-02-20,48,A,https://www.sec.gov/Archives/edgar/data/78814/000007881415000006/pbi2014123110k.htm,,,RESOLVED,,1
3099,POWI,2015-04-01,2015-04-01T14:53:00-04:00,0000833640,2015-01-30,2015-02-10T23:59:59-05:00,29331133,sec_cover_page,10-K,0000833640-15-000060,2015-02-10,61,A,https://www.sec.gov/Archives/edgar/data/833640/000083364015000060/powi-2014123110k.htm,,,RESOLVED,,1
3100,ROG,2015-04-01,2015-04-01T14:59:00-04:00,0000084748,2015-02-04,2015-02-18T23:59:59-05:00,18415753,sec_cover_page,10-K,0000084748-15-000003,2015-02-18,56,A,https://www.sec.gov/Archives/edgar/data/84748/000008474815000003/rog-20141231x10k.htm,,,RESOLVED,,1
3101,ROVI,2015-04-01,2015-04-01T14:18:00-04:00,0001424454,2015-02-13,2015-02-19T23:59:59-05:00,91939167,sec_cover_page,10-K,0001424454-15-000010,2015-02-19,47,A,https://www.sec.gov/Archives/edgar/data/1424454/000142445415000010/rovi12311410k.htm,,,RESOLVED,,1
3102,SGEN,2015-04-01,2015-04-01T13:48:00-04:00,0001060736,2015-02-23,2015-02-27T23:59:59-05:00,124318682,sec_cover_page,10-K,0001193125-15-069861,2015-02-27,37,A,https://www.sec.gov/Archives/edgar/data/1060736/000119312515069861/d823767d10k.htm,,,RESOLVED,,1
3103,SKX,2015-04-01,2015-04-01T14:54:00-04:00,0001065837,2015-02-17,2015-02-27T23:59:59-05:00,52021294,sec_cover_page,10-K,0001193125-15-068511,2015-02-27,43,A,https://www.sec.gov/Archives/edgar/data/1065837/000119312515068511/d846076d10k.htm,,,RESOLVED,,1
3104,TXT,2015-04-01,2015-04-01T15:04:00-04:00,0000217346,2015-02-07,2015-02-25T23:59:59-05:00,276834630,sec_cover_page,10-K,0001104659-15-013784,2015-02-25,53,A,https://www.sec.gov/Archives/edgar/data/217346/000110465915013784/a14-26298_110k.htm,,,RESOLVED,,1
3105,ACHC,2015-04-02,2015-04-02T14:05:00-04:00,0001520697,2015-02-27,2015-02-27T23:59:59-05:00,66452931,sec_cover_page,10-K,0001193125-15-069793,2015-02-27,34,A,https://www.sec.gov/Archives/edgar/data/1520697/000119312515069793/d854534d10k.htm,,,RESOLVED,,1
3106,ALSN,2015-04-02,2015-04-02T14:47:00-04:00,0001411207,2015-02-05,2015-02-20T23:59:59-05:00,180053650,dei:EntityCommonStockSharesOutstanding,10-K,0001193125-15-055034,2015-02-20,56,A,https://data.sec.gov/api/xbrl/companyconcept/CIK0001411207/dei/EntityCommonStockSharesOutstanding.json#accn=0001193125-15-055034,,,RESOLVED,,1
3107,AMP,2015-04-02,2015-04-02T14:52:00-04:00,0000820027,2015-02-13,2015-02-24T23:59:59-05:00,182511452,dei:EntityCommonStockSharesOutstanding,10-K,0000820027-15-000024,2015-02-24,48,A,https://data.sec.gov/api/xbrl/companyconcept/CIK0000820027/dei/EntityCommonStockSharesOutstanding.json#accn=0000820027-15-000024,,,RESOLVED,,1
3108,CACI,2015-04-02,2015-04-02T14:24:00-04:00,0000016058,2015-01-26,2015-01-30T23:59:59-05:00,24162793,sec_cover_page,10-Q,0001193125-15-027286,2015-01-30,66,A,https://www.sec.gov/Archives/edgar/data/16058/000119312515027286/d858591d10q.htm,,,RESOLVED,,1
3109,CAKE,2015-04-02,2015-04-02T13:52:00-04:00,0000887596,2015-02-16,2015-03-02T23:59:59-05:00,49951875,dei:EntityCommonStockSharesOutstanding,10-K,0001104659-15-015350,2015-03-02,45,A,https://data.sec.gov/api/xbrl/companyconcept/CIK0000887596/dei/EntityCommonStockSharesOutstanding.json#accn=0001104659-15-015350,,,RESOLVED,,1
3110,CBT,2015-04-02,2015-04-02T13:03:00-04:00,0000016040,2015-02-03,2015-02-05T23:59:59-05:00,63717924,sec_cover_page,10-Q,0001193125-15-035405,2015-02-05,58,A,https://www.sec.gov/Archives/edgar/data/16040/000119312515035405/d850813d10q.htm,,,RESOLVED,,1
3111,CGNX,2015-04-02,2015-04-02T14:39:00-04:00,0000851205,2015-02-01,2015-02-12T23:59:59-05:00,86544015,dei:EntityCommonStockSharesOutstanding,10-K,0000851205-15-000003,2015-02-12,60,A,https://data.sec.gov/api/xbrl/companyconcept/CIK0000851205/dei/EntityCommonStockSharesOutstanding.json#accn=0000851205-15-000003,,,RESOLVED,,1
3112,CLD,2015-04-02,2015-04-02T15:03:00-04:00,0001441849,2015-02-11,2015-02-18T23:59:59-05:00,61021242,sec_cover_page,10-K,0001104659-15-011392,2015-02-18,50,A,https://www.sec.gov/Archives/edgar/data/1441849/000110465915011392/a15-1789_110k.htm,,,RESOLVED,,1
3113,CMP,2015-04-02,2015-04-02T15:16:00-04:00,0001227654,2015-02-19,2015-02-23T23:59:59-05:00,33615517,sec_cover_page,10-K,0001140361-15-008475,2015-02-23,42,A,https://www.sec.gov/Archives/edgar/data/1227654/000114036115008475/form10k.htm,,,RESOLVED,,1
3114,COL,2015-04-02,2015-04-02T13:59:00-04:00,0001137411,2015-01-19,2015-01-23T23:59:59-05:00,132287306,dei:EntityCommonStockSharesOutstanding,10-Q,0001137411-15-000029,2015-01-23,73,A,https://data.sec.gov/api/xbrl/companyconcept/CIK0001137411/dei/EntityCommonStockSharesOutstanding.json#accn=0001137411-15-000029,,,RESOLVED,,1
3115,COLM,2015-04-02,2015-04-02T14:43:00-04:00,0001050797,2015-02-13,2015-02-26T23:59:59-05:00,69901076,sec_cover_page,10-K,0001050797-15-000002,2015-02-26,48,A,https://www.sec.gov/Archives/edgar/data/1050797/000105079715000002/colm-20141231x10k.htm,,,RESOLVED,,1
3116,CR,2015-04-02,2015-04-02T15:09:00-04:00,0000025445,2015-01-31,2015-02-25T23:59:59-05:00,58179987,sec_cover_page,10-K,0001628280-15-000998,2015-02-25,61,A,https://www.sec.gov/Archives/edgar/data/25445/000162828015000998/cr-20141231x10k.htm,,,RESOLVED,,1
3117,CREE,2015-04-02,2015-04-02T14:59:00-04:00,0000895419,2015-01-14,2015-01-21T23:59:59-05:00,111630099,dei:EntityCommonStockSharesOutstanding,10-Q,0000895419-15-000007,2015-01-21,78,A,https://data.sec.gov/api/xbrl/companyconcept/CIK0000895419/dei/EntityCommonStockSharesOutstanding.json#accn=0000895419-15-000007,,,RESOLVED,,1
3118,FLT,2015-04-02,2015-04-02T14:58:00-04:00,0001175454,2015-02-06,2015-03-02T23:59:59-05:00,91677376,sec_cover_page,10-K,0001193125-15-073581,2015-03-02,55,A,https://www.sec.gov/Archives/edgar/data/1175454/000119312515073581/d831300d10k.htm,,,RESOLVED,,1
3119,IDTI,2015-04-02,2015-04-02T15:10:00-04:00,0000703361,2015-01-31,2015-02-04T23:59:59-05:00,148288258,sec_cover_page,10-Q,0000703361-15-000006,2015-02-04,61,A,https://www.sec.gov/Archives/edgar/data/703361/000070336115000006/idti-12282014x10q.htm,,,RESOLVED,,1
3120,ILMN,2015-04-02,2015-04-02T14:18:00-04:00,0001110803,2015-01-30,2015-02-18T23:59:59-05:00,143800000,dei:EntityCommonStockSharesOutstanding,10-K,0001110803-15-000064,2015-02-18,62,A,https://data.sec.gov/api/xbrl/companyconcept/CIK0001110803/dei/EntityCommonStockSharesOutstanding.json#accn=0001110803-15-000064,,,RESOLVED,,1
3121,INT,2015-04-02,2015-04-02T15:10:00-04:00,0000789460,2015-02-05,2015-02-12T23:59:59-05:00,72091000,sec_cover_page,10-K,0001558370-15-000073,2015-02-12,56,B,https://www.sec.gov/Archives/edgar/data/789460/000155837015000073/int-20141231x10k.htm,,,RESOLVED,,1
3122,MAT,2015-04-02,2015-04-02T14:09:00-04:00,0000063276,2015-02-13,2015-02-25T23:59:59-05:00,338254021,dei:EntityCommonStockSharesOutstanding,10-K,0001193125-15-062193,2015-02-25,48,A,https://data.sec.gov/api/xbrl/companyconcept/CIK0000063276/dei/EntityCommonStockSharesOutstanding.json#accn=0001193125-15-062193,,,RESOLVED,,1
3123,MDU,2015-04-02,2015-04-02T15:27:00-04:00,0000067716,2015-02-13,2015-02-20T23:59:59-05:00,194420095,sec_cover_page,10-K,0000067716-15-000027,2015-02-20,48,A,https://www.sec.gov/Archives/edgar/data/67716/000006771615000027/mdu-12312014form10xk.htm,,,RESOLVED,,1
3124,NATI,2015-04-02,2015-04-02T13:29:00-04:00,0000935494,2015-02-17,2015-02-19T23:59:59-05:00,128137405,sec_cover_page,10-K,0000935494-15-000007,2015-02-19,44,A,https://www.sec.gov/Archives/edgar/data/935494/000093549415000007/nati-20141231x10k.htm,,,RESOLVED,,1
3125,NOW,2015-04-02,2015-04-02T14:03:00-04:00,0001373715,2015-01-31,2015-02-27T23:59:59-05:00,150500000,dei:EntityCommonStockSharesOutstanding,10-K,0001373715-15-000067,2015-02-27,61,A,https://data.sec.gov/api/xbrl/companyconcept/CIK0001373715/dei/EntityCommonStockSharesOutstanding.json#accn=0001373715-15-000067,,,RESOLVED,,1
3126,OSK,2015-04-02,2015-04-02T14:59:00-04:00,0000775158,2015-01-20,2015-01-27T23:59:59-05:00,78140407,sec_cover_page,10-Q,0000775158-15-000002,2015-01-27,72,A,https://www.sec.gov/Archives/edgar/data/775158/000077515815000002/osk10q123114.htm,,,RESOLVED,,1
3127,PBI,2015-04-02,2015-04-02T14:17:00-04:00,0000078814,2015-02-12,2015-02-20T23:59:59-05:00,201622001,sec_cover_page,10-K,0000078814-15-000006,2015-02-20,49,A,https://www.sec.gov/Archives/edgar/data/78814/000007881415000006/pbi2014123110k.htm,,,RESOLVED,,1
3128,POWI,2015-04-02,2015-04-02T14:53:00-04:00,0000833640,2015-01-30,2015-02-10T23:59:59-05:00,29331133,sec_cover_page,10-K,0000833640-15-000060,2015-02-10,62,A,https://www.sec.gov/Archives/edgar/data/833640/000083364015000060/powi-2014123110k.htm,,,RESOLVED,,1
3129,ROG,2015-04-02,2015-04-02T14:59:00-04:00,0000084748,2015-02-04,2015-02-18T23:59:59-05:00,18415753,sec_cover_page,10-K,0000084748-15-000003,2015-02-18,57,A,https://www.sec.gov/Archives/edgar/data/84748/000008474815000003/rog-20141231x10k.htm,,,RESOLVED,,1
3130,ROVI,2015-04-02,2015-04-02T14:18:00-04:00,0001424454,2015-02-13,2015-02-19T23:59:59-05:00,91939167,sec_cover_page,10-K,0001424454-15-000010,2015-02-19,48,A,https://www.sec.gov/Archives/edgar/data/1424454/000142445415000010/rovi12311410k.htm,,,RESOLVED,,1
3131,SGEN,2015-04-02,2015-04-02T13:48:00-04:00,0001060736,2015-02-23,2015-02-27T23:59:59-05:00,124318682,sec_cover_page,10-K,0001193125-15-069861,2015-02-27,38,A,https://www.sec.gov/Archives/edgar/data/1060736/000119312515069861/d823767d10k.htm,,,RESOLVED,,1
3132,SKX,2015-04-02,2015-04-02T14:54:00-04:00,0001065837,2015-02-17,2015-02-27T23:59:59-05:00,52021294,sec_cover_page,10-K,0001193125-15-068511,2015-02-27,44,A,https://www.sec.gov/Archives/edgar/data/1065837/000119312515068511/d846076d10k.htm,,,RESOLVED,,1
3133,THC,2015-04-02,2015-04-02T15:18:00-04:00,0000070318,2015-01-30,2015-02-23T23:59:59-05:00,98494212,dei:EntityCommonStockSharesOutstanding,10-K,0001558370-15-000132,2015-02-23,62,A,https://data.sec.gov/api/xbrl/companyconcept/CIK0000070318/dei/EntityCommonStockSharesOutstanding.json#accn=0001558370-15-000132,,,RESOLVED,,1
3134,TW,2015-04-02,2015-04-02T15:17:00-04:00,0001470215,2015-01-30,2015-02-05T23:59:59-05:00,69568719,sec_cover_page,10-Q,0001470215-15-000003,2015-02-05,62,A,https://www.sec.gov/Archives/edgar/data/1470215/000147021515000003/tw-20141231x10q.htm,,,RESOLVED,,1
3135,TXT,2015-04-02,2015-04-02T15:04:00-04:00,0000217346,2015-02-07,2015-02-25T23:59:59-05:00,276834630,sec_cover_page,10-K,0001104659-15-013784,2015-02-25,54,A,https://www.sec.gov/Archives/edgar/data/217346/000110465915013784/a14-26298_110k.htm,,,RESOLVED,,1
3136,ACHC,2015-04-06,2015-04-06T14:05:00-04:00,0001520697,2015-02-27,2015-02-27T23:59:59-05:00,66452931,sec_cover_page,10-K,0001193125-15-069793,2015-02-27,38,A,https://www.sec.gov/Archives/edgar/data/1520697/000119312515069793/d854534d10k.htm,,,RESOLVED,,1
3137,ALSN,2015-04-06,2015-04-06T14:47:00-04:00,0001411207,2015-02-05,2015-02-20T23:59:59-05:00,180053650,dei:EntityCommonStockSharesOutstanding,10-K,0001193125-15-055034,2015-02-20,60,A,https://data.sec.gov/api/xbrl/companyconcept/CIK0001411207/dei/EntityCommonStockSharesOutstanding.json#accn=0001193125-15-055034,,,RESOLVED,,1
3138,AMP,2015-04-06,2015-04-06T14:52:00-04:00,0000820027,2015-02-13,2015-02-24T23:59:59-05:00,182511452,dei:EntityCommonStockSharesOutstanding,10-K,0000820027-15-000024,2015-02-24,52,A,https://data.sec.gov/api/xbrl/companyconcept/CIK0000820027/dei/EntityCommonStockSharesOutstanding.json#accn=0000820027-15-000024,,,RESOLVED,,1
3139,CACI,2015-04-06,2015-04-06T14:24:00-04:00,0000016058,2015-01-26,2015-01-30T23:59:59-05:00,24162793,sec_cover_page,10-Q,0001193125-15-027286,2015-01-30,70,A,https://www.sec.gov/Archives/edgar/data/16058/000119312515027286/d858591d10q.htm,,,RESOLVED,,1
3140,CAKE,2015-04-06,2015-04-06T13:52:00-04:00,0000887596,2015-02-16,2015-03-02T23:59:59-05:00,49951875,dei:EntityCommonStockSharesOutstanding,10-K,0001104659-15-015350,2015-03-02,49,A,https://data.sec.gov/api/xbrl/companyconcept/CIK0000887596/dei/EntityCommonStockSharesOutstanding.json#accn=0001104659-15-015350,,,RESOLVED,,1
3141,CBT,2015-04-06,2015-04-06T13:03:00-04:00,0000016040,2015-02-03,2015-02-05T23:59:59-05:00,63717924,sec_cover_page,10-Q,0001193125-15-035405,2015-02-05,62,A,https://www.sec.gov/Archives/edgar/data/16040/000119312515035405/d850813d10q.htm,,,RESOLVED,,1
3142,CGNX,2015-04-06,2015-04-06T14:39:00-04:00,0000851205,2015-02-01,2015-02-12T23:59:59-05:00,86544015,dei:EntityCommonStockSharesOutstanding,10-K,0000851205-15-000003,2015-02-12,64,A,https://data.sec.gov/api/xbrl/companyconcept/CIK0000851205/dei/EntityCommonStockSharesOutstanding.json#accn=0000851205-15-000003,,,RESOLVED,,1
3143,CLD,2015-04-06,2015-04-06T15:03:00-04:00,0001441849,2015-02-11,2015-02-18T23:59:59-05:00,61021242,sec_cover_page,10-K,0001104659-15-011392,2015-02-18,54,A,https://www.sec.gov/Archives/edgar/data/1441849/000110465915011392/a15-1789_110k.htm,,,RESOLVED,,1
3144,CMP,2015-04-06,2015-04-06T15:16:00-04:00,0001227654,2015-02-19,2015-02-23T23:59:59-05:00,33615517,sec_cover_page,10-K,0001140361-15-008475,2015-02-23,46,A,https://www.sec.gov/Archives/edgar/data/1227654/000114036115008475/form10k.htm,,,RESOLVED,,1
3145,COL,2015-04-06,2015-04-06T13:59:00-04:00,0001137411,2015-01-19,2015-01-23T23:59:59-05:00,132287306,dei:EntityCommonStockSharesOutstanding,10-Q,0001137411-15-000029,2015-01-23,77,A,https://data.sec.gov/api/xbrl/companyconcept/CIK0001137411/dei/EntityCommonStockSharesOutstanding.json#accn=0001137411-15-000029,,,RESOLVED,,1
3146,COLM,2015-04-06,2015-04-06T14:43:00-04:00,0001050797,2015-02-13,2015-02-26T23:59:59-05:00,69901076,sec_cover_page,10-K,0001050797-15-000002,2015-02-26,52,A,https://www.sec.gov/Archives/edgar/data/1050797/000105079715000002/colm-20141231x10k.htm,,,RESOLVED,,1
3147,CR,2015-04-06,2015-04-06T15:09:00-04:00,0000025445,2015-01-31,2015-02-25T23:59:59-05:00,58179987,sec_cover_page,10-K,0001628280-15-000998,2015-02-25,65,A,https://www.sec.gov/Archives/edgar/data/25445/000162828015000998/cr-20141231x10k.htm,,,RESOLVED,,1
3148,CREE,2015-04-06,2015-04-06T14:59:00-04:00,0000895419,2015-01-14,2015-01-21T23:59:59-05:00,111630099,dei:EntityCommonStockSharesOutstanding,10-Q,0000895419-15-000007,2015-01-21,82,A,https://data.sec.gov/api/xbrl/companyconcept/CIK0000895419/dei/EntityCommonStockSharesOutstanding.json#accn=0000895419-15-000007,,,RESOLVED,,1
3149,FLT,2015-04-06,2015-04-06T14:58:00-04:00,0001175454,2015-02-06,2015-03-02T23:59:59-05:00,91677376,sec_cover_page,10-K,0001193125-15-073581,2015-03-02,59,A,https://www.sec.gov/Archives/edgar/data/1175454/000119312515073581/d831300d10k.htm,,,RESOLVED,,1
3150,IDTI,2015-04-06,2015-04-06T15:10:00-04:00,0000703361,2015-01-31,2015-02-04T23:59:59-05:00,148288258,sec_cover_page,10-Q,0000703361-15-000006,2015-02-04,65,A,https://www.sec.gov/Archives/edgar/data/703361/000070336115000006/idti-12282014x10q.htm,,,RESOLVED,,1
3151,ILMN,2015-04-06,2015-04-06T14:18:00-04:00,0001110803,2015-01-30,2015-02-18T23:59:59-05:00,143800000,dei:EntityCommonStockSharesOutstanding,10-K,0001110803-15-000064,2015-02-18,66,A,https://data.sec.gov/api/xbrl/companyconcept/CIK0001110803/dei/EntityCommonStockSharesOutstanding.json#accn=0001110803-15-000064,,,RESOLVED,,1
3152,INT,2015-04-06,2015-04-06T15:10:00-04:00,0000789460,2015-02-05,2015-02-12T23:59:59-05:00,72091000,sec_cover_page,10-K,0001558370-15-000073,2015-02-12,60,B,https://www.sec.gov/Archives/edgar/data/789460/000155837015000073/int-20141231x10k.htm,,,RESOLVED,,1
3153,MAT,2015-04-06,2015-04-06T14:09:00-04:00,0000063276,2015-02-13,2015-02-25T23:59:59-05:00,338254021,dei:EntityCommonStockSharesOutstanding,10-K,0001193125-15-062193,2015-02-25,52,A,https://data.sec.gov/api/xbrl/companyconcept/CIK0000063276/dei/EntityCommonStockSharesOutstanding.json#accn=0001193125-15-062193,,,RESOLVED,,1
3154,MDU,2015-04-06,2015-04-06T15:27:00-04:00,0000067716,2015-02-13,2015-02-20T23:59:59-05:00,194420095,sec_cover_page,10-K,0000067716-15-000027,2015-02-20,52,A,https://www.sec.gov/Archives/edgar/data/67716/000006771615000027/mdu-12312014form10xk.htm,,,RESOLVED,,1
3155,NATI,2015-04-06,2015-04-06T13:29:00-04:00,0000935494,2015-02-17,2015-02-19T23:59:59-05:00,128137405,sec_cover_page,10-K,0000935494-15-000007,2015-02-19,48,A,https://www.sec.gov/Archives/edgar/data/935494/000093549415000007/nati-20141231x10k.htm,,,RESOLVED,,1
3156,NOW,2015-04-06,2015-04-06T14:03:00-04:00,0001373715,2015-01-31,2015-02-27T23:59:59-05:00,150500000,dei:EntityCommonStockSharesOutstanding,10-K,0001373715-15-000067,2015-02-27,65,A,https://data.sec.gov/api/xbrl/companyconcept/CIK0001373715/dei/EntityCommonStockSharesOutstanding.json#accn=0001373715-15-000067,,,RESOLVED,,1
3157,OSK,2015-04-06,2015-04-06T14:59:00-04:00,0000775158,2015-01-20,2015-01-27T23:59:59-05:00,78140407,sec_cover_page,10-Q,0000775158-15-000002,2015-01-27,76,A,https://www.sec.gov/Archives/edgar/data/775158/000077515815000002/osk10q123114.htm,,,RESOLVED,,1
3158,PBI,2015-04-06,2015-04-06T14:17:00-04:00,0000078814,2015-02-12,2015-02-20T23:59:59-05:00,201622001,sec_cover_page,10-K,0000078814-15-000006,2015-02-20,53,A,https://www.sec.gov/Archives/edgar/data/78814/000007881415000006/pbi2014123110k.htm,,,RESOLVED,,1
3159,POWI,2015-04-06,2015-04-06T14:53:00-04:00,0000833640,2015-01-30,2015-02-10T23:59:59-05:00,29331133,sec_cover_page,10-K,0000833640-15-000060,2015-02-10,66,A,https://www.sec.gov/Archives/edgar/data/833640/000083364015000060/powi-2014123110k.htm,,,RESOLVED,,1
3160,ROG,2015-04-06,2015-04-06T14:59:00-04:00,0000084748,2015-02-04,2015-02-18T23:59:59-05:00,18415753,sec_cover_page,10-K,0000084748-15-000003,2015-02-18,61,A,https://www.sec.gov/Archives/edgar/data/84748/000008474815000003/rog-20141231x10k.htm,,,RESOLVED,,1
3161,ROVI,2015-04-06,2015-04-06T14:18:00-04:00,0001424454,2015-02-13,2015-02-19T23:59:59-05:00,91939167,sec_cover_page,10-K,0001424454-15-000010,2015-02-19,52,A,https://www.sec.gov/Archives/edgar/data/1424454/000142445415000010/rovi12311410k.htm,,,RESOLVED,,1
3162,SGEN,2015-04-06,2015-04-06T13:48:00-04:00,0001060736,2015-02-23,2015-02-27T23:59:59-05:00,124318682,sec_cover_page,10-K,0001193125-15-069861,2015-02-27,42,A,https://www.sec.gov/Archives/edgar/data/1060736/000119312515069861/d823767d10k.htm,,,RESOLVED,,1
3163,SKX,2015-04-06,2015-04-06T14:54:00-04:00,0001065837,2015-02-17,2015-02-27T23:59:59-05:00,52021294,sec_cover_page,10-K,0001193125-15-068511,2015-02-27,48,A,https://www.sec.gov/Archives/edgar/data/1065837/000119312515068511/d846076d10k.htm,,,RESOLVED,,1
3164,SM,2015-04-06,2015-04-06T14:38:00-04:00,0000893538,2015-02-18,2015-02-25T23:59:59-05:00,67463060,sec_cover_page,10-K,0000893538-15-000011,2015-02-25,47,A,https://www.sec.gov/Archives/edgar/data/893538/000089353815000011/sm-20141231x10k.htm,,,RESOLVED,,1
3165,THC,2015-04-06,2015-04-06T15:18:00-04:00,0000070318,2015-01-30,2015-02-23T23:59:59-05:00,98494212,dei:EntityCommonStockSharesOutstanding,10-K,0001558370-15-000132,2015-02-23,66,A,https://data.sec.gov/api/xbrl/companyconcept/CIK0000070318/dei/EntityCommonStockSharesOutstanding.json#accn=0001558370-15-000132,,,RESOLVED,,1
3166,TW,2015-04-06,2015-04-06T15:17:00-04:00,0001470215,2015-01-30,2015-02-05T23:59:59-05:00,69568719,sec_cover_page,10-Q,0001470215-15-000003,2015-02-05,66,A,https://www.sec.gov/Archives/edgar/data/1470215/000147021515000003/tw-20141231x10q.htm,,,RESOLVED,,1
3167,TXT,2015-04-06,2015-04-06T15:04:00-04:00,0000217346,2015-02-07,2015-02-25T23:59:59-05:00,276834630,sec_cover_page,10-K,0001104659-15-013784,2015-02-25,58,A,https://www.sec.gov/Archives/edgar/data/217346/000110465915013784/a14-26298_110k.htm,,,RESOLVED,,1
3168,ACHC,2015-04-07,2015-04-07T14:05:00-04:00,0001520697,2015-02-27,2015-02-27T23:59:59-05:00,66452931,sec_cover_page,10-K,0001193125-15-069793,2015-02-27,39,A,https://www.sec.gov/Archives/edgar/data/1520697/000119312515069793/d854534d10k.htm,,,RESOLVED,,1
3169,ALSN,2015-04-07,2015-04-07T14:47:00-04:00,0001411207,2015-02-05,2015-02-20T23:59:59-05:00,180053650,dei:EntityCommonStockSharesOutstanding,10-K,0001193125-15-055034,2015-02-20,61,A,https://data.sec.gov/api/xbrl/companyconcept/CIK0001411207/dei/EntityCommonStockSharesOutstanding.json#accn=0001193125-15-055034,,,RESOLVED,,1
3170,AMP,2015-04-07,2015-04-07T14:52:00-04:00,0000820027,2015-02-13,2015-02-24T23:59:59-05:00,182511452,dei:EntityCommonStockSharesOutstanding,10-K,0000820027-15-000024,2015-02-24,53,A,https://data.sec.gov/api/xbrl/companyconcept/CIK0000820027/dei/EntityCommonStockSharesOutstanding.json#accn=0000820027-15-000024,,,RESOLVED,,1
3171,BRKR,2015-04-07,2015-04-07T15:00:00-04:00,0001109354,2015-02-19,2015-02-27T23:59:59-05:00,168559338,sec_cover_page,10-K,0001047469-15-001394,2015-02-27,47,A,https://www.sec.gov/Archives/edgar/data/1109354/000104746915001394/a2223291z10-k.htm,,,RESOLVED,,1
3172,CACI,2015-04-07,2015-04-07T14:24:00-04:00,0000016058,2015-01-26,2015-01-30T23:59:59-05:00,24162793,sec_cover_page,10-Q,0001193125-15-027286,2015-01-30,71,A,https://www.sec.gov/Archives/edgar/data/16058/000119312515027286/d858591d10q.htm,,,RESOLVED,,1
3173,CAKE,2015-04-07,2015-04-07T13:52:00-04:00,0000887596,2015-02-16,2015-03-02T23:59:59-05:00,49951875,dei:EntityCommonStockSharesOutstanding,10-K,0001104659-15-015350,2015-03-02,50,A,https://data.sec.gov/api/xbrl/companyconcept/CIK0000887596/dei/EntityCommonStockSharesOutstanding.json#accn=0001104659-15-015350,,,RESOLVED,,1
3174,CBT,2015-04-07,2015-04-07T13:03:00-04:00,0000016040,2015-02-03,2015-02-05T23:59:59-05:00,63717924,sec_cover_page,10-Q,0001193125-15-035405,2015-02-05,63,A,https://www.sec.gov/Archives/edgar/data/16040/000119312515035405/d850813d10q.htm,,,RESOLVED,,1
3175,CGNX,2015-04-07,2015-04-07T14:39:00-04:00,0000851205,2015-02-01,2015-02-12T23:59:59-05:00,86544015,dei:EntityCommonStockSharesOutstanding,10-K,0000851205-15-000003,2015-02-12,65,A,https://data.sec.gov/api/xbrl/companyconcept/CIK0000851205/dei/EntityCommonStockSharesOutstanding.json#accn=0000851205-15-000003,,,RESOLVED,,1
3176,CLD,2015-04-07,2015-04-07T15:03:00-04:00,0001441849,2015-02-11,2015-02-18T23:59:59-05:00,61021242,sec_cover_page,10-K,0001104659-15-011392,2015-02-18,55,A,https://www.sec.gov/Archives/edgar/data/1441849/000110465915011392/a15-1789_110k.htm,,,RESOLVED,,1
3177,CMP,2015-04-07,2015-04-07T15:16:00-04:00,0001227654,2015-02-19,2015-02-23T23:59:59-05:00,33615517,sec_cover_page,10-K,0001140361-15-008475,2015-02-23,47,A,https://www.sec.gov/Archives/edgar/data/1227654/000114036115008475/form10k.htm,,,RESOLVED,,1
3178,COL,2015-04-07,2015-04-07T13:59:00-04:00,0001137411,2015-01-19,2015-01-23T23:59:59-05:00,132287306,dei:EntityCommonStockSharesOutstanding,10-Q,0001137411-15-000029,2015-01-23,78,A,https://data.sec.gov/api/xbrl/companyconcept/CIK0001137411/dei/EntityCommonStockSharesOutstanding.json#accn=0001137411-15-000029,,,RESOLVED,,1
3179,COLM,2015-04-07,2015-04-07T14:43:00-04:00,0001050797,2015-02-13,2015-02-26T23:59:59-05:00,69901076,sec_cover_page,10-K,0001050797-15-000002,2015-02-26,53,A,https://www.sec.gov/Archives/edgar/data/1050797/000105079715000002/colm-20141231x10k.htm,,,RESOLVED,,1
3180,CR,2015-04-07,2015-04-07T15:09:00-04:00,0000025445,2015-01-31,2015-02-25T23:59:59-05:00,58179987,sec_cover_page,10-K,0001628280-15-000998,2015-02-25,66,A,https://www.sec.gov/Archives/edgar/data/25445/000162828015000998/cr-20141231x10k.htm,,,RESOLVED,,1
3181,CREE,2015-04-07,2015-04-07T14:59:00-04:00,0000895419,2015-01-14,2015-01-21T23:59:59-05:00,111630099,dei:EntityCommonStockSharesOutstanding,10-Q,0000895419-15-000007,2015-01-21,83,A,https://data.sec.gov/api/xbrl/companyconcept/CIK0000895419/dei/EntityCommonStockSharesOutstanding.json#accn=0000895419-15-000007,,,RESOLVED,,1
3182,CSOD,2015-04-07,2015-04-07T14:59:00-04:00,0001401680,2015-02-20,2015-02-27T23:59:59-05:00,53882523,sec_cover_page,10-K,0001401680-15-000006,2015-02-27,46,A,https://www.sec.gov/Archives/edgar/data/1401680/000140168015000006/a10-k20141231.htm,,,RESOLVED,,1
3183,DYN,2015-04-07,2015-04-07T13:54:00-04:00,0001379895,2015-02-10,2015-02-25T23:59:59-05:00,124438722,sec_cover_page,10-K,0001379895-15-000005,2015-02-25,56,A,https://www.sec.gov/Archives/edgar/data/1379895/000137989515000005/dyn-20141231_10k.htm,,,RESOLVED,,1
3184,FLT,2015-04-07,2015-04-07T14:58:00-04:00,0001175454,2015-02-06,2015-03-02T23:59:59-05:00,91677376,sec_cover_page,10-K,0001193125-15-073581,2015-03-02,60,A,https://www.sec.gov/Archives/edgar/data/1175454/000119312515073581/d831300d10k.htm,,,RESOLVED,,1
3185,IDTI,2015-04-07,2015-04-07T15:10:00-04:00,0000703361,2015-01-31,2015-02-04T23:59:59-05:00,148288258,sec_cover_page,10-Q,0000703361-15-000006,2015-02-04,66,A,https://www.sec.gov/Archives/edgar/data/703361/000070336115000006/idti-12282014x10q.htm,,,RESOLVED,,1
3186,ILMN,2015-04-07,2015-04-07T14:18:00-04:00,0001110803,2015-01-30,2015-02-18T23:59:59-05:00,143800000,dei:EntityCommonStockSharesOutstanding,10-K,0001110803-15-000064,2015-02-18,67,A,https://data.sec.gov/api/xbrl/companyconcept/CIK0001110803/dei/EntityCommonStockSharesOutstanding.json#accn=0001110803-15-000064,,,RESOLVED,,1
3187,INT,2015-04-07,2015-04-07T15:10:00-04:00,0000789460,2015-02-05,2015-02-12T23:59:59-05:00,72091000,sec_cover_page,10-K,0001558370-15-000073,2015-02-12,61,B,https://www.sec.gov/Archives/edgar/data/789460/000155837015000073/int-20141231x10k.htm,,,RESOLVED,,1
3188,MAT,2015-04-07,2015-04-07T14:09:00-04:00,0000063276,2015-02-13,2015-02-25T23:59:59-05:00,338254021,dei:EntityCommonStockSharesOutstanding,10-K,0001193125-15-062193,2015-02-25,53,A,https://data.sec.gov/api/xbrl/companyconcept/CIK0000063276/dei/EntityCommonStockSharesOutstanding.json#accn=0001193125-15-062193,,,RESOLVED,,1
3189,MDU,2015-04-07,2015-04-07T15:27:00-04:00,0000067716,2015-02-13,2015-02-20T23:59:59-05:00,194420095,sec_cover_page,10-K,0000067716-15-000027,2015-02-20,53,A,https://www.sec.gov/Archives/edgar/data/67716/000006771615000027/mdu-12312014form10xk.htm,,,RESOLVED,,1
3190,NATI,2015-04-07,2015-04-07T13:29:00-04:00,0000935494,2015-02-17,2015-02-19T23:59:59-05:00,128137405,sec_cover_page,10-K,0000935494-15-000007,2015-02-19,49,A,https://www.sec.gov/Archives/edgar/data/935494/000093549415000007/nati-20141231x10k.htm,,,RESOLVED,,1
3191,NOW,2015-04-07,2015-04-07T14:03:00-04:00,0001373715,2015-01-31,2015-02-27T23:59:59-05:00,150500000,dei:EntityCommonStockSharesOutstanding,10-K,0001373715-15-000067,2015-02-27,66,A,https://data.sec.gov/api/xbrl/companyconcept/CIK0001373715/dei/EntityCommonStockSharesOutstanding.json#accn=0001373715-15-000067,,,RESOLVED,,1
3192,OSK,2015-04-07,2015-04-07T14:59:00-04:00,0000775158,2015-01-20,2015-01-27T23:59:59-05:00,78140407,sec_cover_page,10-Q,0000775158-15-000002,2015-01-27,77,A,https://www.sec.gov/Archives/edgar/data/775158/000077515815000002/osk10q123114.htm,,,RESOLVED,,1
3193,PBI,2015-04-07,2015-04-07T14:17:00-04:00,0000078814,2015-02-12,2015-02-20T23:59:59-05:00,201622001,sec_cover_page,10-K,0000078814-15-000006,2015-02-20,54,A,https://www.sec.gov/Archives/edgar/data/78814/000007881415000006/pbi2014123110k.htm,,,RESOLVED,,1
3194,POWI,2015-04-07,2015-04-07T14:53:00-04:00,0000833640,2015-01-30,2015-02-10T23:59:59-05:00,29331133,sec_cover_page,10-K,0000833640-15-000060,2015-02-10,67,A,https://www.sec.gov/Archives/edgar/data/833640/000083364015000060/powi-2014123110k.htm,,,RESOLVED,,1
3195,PRU,2015-04-07,2015-04-07T15:17:00-04:00,0001137774,2015-01-31,2015-02-20T23:59:59-05:00,454000000,sec_cover_page,10-K,0001193125-15-056366,2015-02-20,66,B,https://www.sec.gov/Archives/edgar/data/1137774/000119312515056366/d864090d10k.htm,,,RESOLVED,,1
3196,ROG,2015-04-07,2015-04-07T14:59:00-04:00,0000084748,2015-02-04,2015-02-18T23:59:59-05:00,18415753,sec_cover_page,10-K,0000084748-15-000003,2015-02-18,62,A,https://www.sec.gov/Archives/edgar/data/84748/000008474815000003/rog-20141231x10k.htm,,,RESOLVED,,1
3197,ROVI,2015-04-07,2015-04-07T14:18:00-04:00,0001424454,2015-02-13,2015-02-19T23:59:59-05:00,91939167,sec_cover_page,10-K,0001424454-15-000010,2015-02-19,53,A,https://www.sec.gov/Archives/edgar/data/1424454/000142445415000010/rovi12311410k.htm,,,RESOLVED,,1
3198,SGEN,2015-04-07,2015-04-07T13:48:00-04:00,0001060736,2015-02-23,2015-02-27T23:59:59-05:00,124318682,sec_cover_page,10-K,0001193125-15-069861,2015-02-27,43,A,https://www.sec.gov/Archives/edgar/data/1060736/000119312515069861/d823767d10k.htm,,,RESOLVED,,1
3199,SKX,2015-04-07,2015-04-07T14:54:00-04:00,0001065837,2015-02-17,2015-02-27T23:59:59-05:00,52021294,sec_cover_page,10-K,0001193125-15-068511,2015-02-27,49,A,https://www.sec.gov/Archives/edgar/data/1065837/000119312515068511/d846076d10k.htm,,,RESOLVED,,1
3200,SM,2015-04-07,2015-04-07T14:38:00-04:00,0000893538,2015-02-18,2015-02-25T23:59:59-05:00,67463060,sec_cover_page,10-K,0000893538-15-000011,2015-02-25,48,A,https://www.sec.gov/Archives/edgar/data/893538/000089353815000011/sm-20141231x10k.htm,,,RESOLVED,,1
3201,THC,2015-04-07,2015-04-07T15:18:00-04:00,0000070318,2015-01-30,2015-02-23T23:59:59-05:00,98494212,dei:EntityCommonStockSharesOutstanding,10-K,0001558370-15-000132,2015-02-23,67,A,https://data.sec.gov/api/xbrl/companyconcept/CIK0000070318/dei/EntityCommonStockSharesOutstanding.json#accn=0001558370-15-000132,,,RESOLVED,,1
3202,TW,2015-04-07,2015-04-07T15:17:00-04:00,0001470215,2015-01-30,2015-02-05T23:59:59-05:00,69568719,sec_cover_page,10-Q,0001470215-15-000003,2015-02-05,67,A,https://www.sec.gov/Archives/edgar/data/1470215/000147021515000003/tw-20141231x10q.htm,,,RESOLVED,,1
3203,TXT,2015-04-07,2015-04-07T15:04:00-04:00,0000217346,2015-02-07,2015-02-25T23:59:59-05:00,276834630,sec_cover_page,10-K,0001104659-15-013784,2015-02-25,59,A,https://www.sec.gov/Archives/edgar/data/217346/000110465915013784/a14-26298_110k.htm,,,RESOLVED,,1
3204,ACHC,2015-04-08,2015-04-08T14:05:00-04:00,0001520697,2015-02-27,2015-02-27T23:59:59-05:00,66452931,sec_cover_page,10-K,0001193125-15-069793,2015-02-27,40,A,https://www.sec.gov/Archives/edgar/data/1520697/000119312515069793/d854534d10k.htm,,,RESOLVED,,1
3205,ALSN,2015-04-08,2015-04-08T14:47:00-04:00,0001411207,2015-02-05,2015-02-20T23:59:59-05:00,180053650,dei:EntityCommonStockSharesOutstanding,10-K,0001193125-15-055034,2015-02-20,62,A,https://data.sec.gov/api/xbrl/companyconcept/CIK0001411207/dei/EntityCommonStockSharesOutstanding.json#accn=0001193125-15-055034,,,RESOLVED,,1
3206,AMP,2015-04-08,2015-04-08T14:52:00-04:00,0000820027,2015-02-13,2015-02-24T23:59:59-05:00,182511452,dei:EntityCommonStockSharesOutstanding,10-K,0000820027-15-000024,2015-02-24,54,A,https://data.sec.gov/api/xbrl/companyconcept/CIK0000820027/dei/EntityCommonStockSharesOutstanding.json#accn=0000820027-15-000024,,,RESOLVED,,1
3207,BRKR,2015-04-08,2015-04-08T15:00:00-04:00,0001109354,2015-02-19,2015-02-27T23:59:59-05:00,168559338,sec_cover_page,10-K,0001047469-15-001394,2015-02-27,48,A,https://www.sec.gov/Archives/edgar/data/1109354/000104746915001394/a2223291z10-k.htm,,,RESOLVED,,1
3208,CACI,2015-04-08,2015-04-08T14:24:00-04:00,0000016058,2015-01-26,2015-01-30T23:59:59-05:00,24162793,sec_cover_page,10-Q,0001193125-15-027286,2015-01-30,72,A,https://www.sec.gov/Archives/edgar/data/16058/000119312515027286/d858591d10q.htm,,,RESOLVED,,1
3209,CAKE,2015-04-08,2015-04-08T13:52:00-04:00,0000887596,2015-02-16,2015-03-02T23:59:59-05:00,49951875,dei:EntityCommonStockSharesOutstanding,10-K,0001104659-15-015350,2015-03-02,51,A,https://data.sec.gov/api/xbrl/companyconcept/CIK0000887596/dei/EntityCommonStockSharesOutstanding.json#accn=0001104659-15-015350,,,RESOLVED,,1
3210,CBT,2015-04-08,2015-04-08T13:03:00-04:00,0000016040,2015-02-03,2015-02-05T23:59:59-05:00,63717924,sec_cover_page,10-Q,0001193125-15-035405,2015-02-05,64,A,https://www.sec.gov/Archives/edgar/data/16040/000119312515035405/d850813d10q.htm,,,RESOLVED,,1
3211,CGNX,2015-04-08,2015-04-08T14:39:00-04:00,0000851205,2015-02-01,2015-02-12T23:59:59-05:00,86544015,dei:EntityCommonStockSharesOutstanding,10-K,0000851205-15-000003,2015-02-12,66,A,https://data.sec.gov/api/xbrl/companyconcept/CIK0000851205/dei/EntityCommonStockSharesOutstanding.json#accn=0000851205-15-000003,,,RESOLVED,,1
3212,CLD,2015-04-08,2015-04-08T15:03:00-04:00,0001441849,2015-02-11,2015-02-18T23:59:59-05:00,61021242,sec_cover_page,10-K,0001104659-15-011392,2015-02-18,56,A,https://www.sec.gov/Archives/edgar/data/1441849/000110465915011392/a15-1789_110k.htm,,,RESOLVED,,1
3213,CMP,2015-04-08,2015-04-08T15:16:00-04:00,0001227654,2015-02-19,2015-02-23T23:59:59-05:00,33615517,sec_cover_page,10-K,0001140361-15-008475,2015-02-23,48,A,https://www.sec.gov/Archives/edgar/data/1227654/000114036115008475/form10k.htm,,,RESOLVED,,1
3214,COL,2015-04-08,2015-04-08T13:59:00-04:00,0001137411,2015-01-19,2015-01-23T23:59:59-05:00,132287306,dei:EntityCommonStockSharesOutstanding,10-Q,0001137411-15-000029,2015-01-23,79,A,https://data.sec.gov/api/xbrl/companyconcept/CIK0001137411/dei/EntityCommonStockSharesOutstanding.json#accn=0001137411-15-000029,,,RESOLVED,,1
3215,COLM,2015-04-08,2015-04-08T14:43:00-04:00,0001050797,2015-02-13,2015-02-26T23:59:59-05:00,69901076,sec_cover_page,10-K,0001050797-15-000002,2015-02-26,54,A,https://www.sec.gov/Archives/edgar/data/1050797/000105079715000002/colm-20141231x10k.htm,,,RESOLVED,,1
3216,CR,2015-04-08,2015-04-08T15:09:00-04:00,0000025445,2015-01-31,2015-02-25T23:59:59-05:00,58179987,sec_cover_page,10-K,0001628280-15-000998,2015-02-25,67,A,https://www.sec.gov/Archives/edgar/data/25445/000162828015000998/cr-20141231x10k.htm,,,RESOLVED,,1
3217,CREE,2015-04-08,2015-04-08T14:59:00-04:00,0000895419,2015-01-14,2015-01-21T23:59:59-05:00,111630099,dei:EntityCommonStockSharesOutstanding,10-Q,0000895419-15-000007,2015-01-21,84,A,https://data.sec.gov/api/xbrl/companyconcept/CIK0000895419/dei/EntityCommonStockSharesOutstanding.json#accn=0000895419-15-000007,,,RESOLVED,,1
3218,CSOD,2015-04-08,2015-04-08T14:59:00-04:00,0001401680,2015-02-20,2015-02-27T23:59:59-05:00,53882523,sec_cover_page,10-K,0001401680-15-000006,2015-02-27,47,A,https://www.sec.gov/Archives/edgar/data/1401680/000140168015000006/a10-k20141231.htm,,,RESOLVED,,1
3219,DYN,2015-04-08,2015-04-08T13:54:00-04:00,0001379895,2015-02-10,2015-02-25T23:59:59-05:00,124438722,sec_cover_page,10-K,0001379895-15-000005,2015-02-25,57,A,https://www.sec.gov/Archives/edgar/data/1379895/000137989515000005/dyn-20141231_10k.htm,,,RESOLVED,,1
3220,FLT,2015-04-08,2015-04-08T14:58:00-04:00,0001175454,2015-02-06,2015-03-02T23:59:59-05:00,91677376,sec_cover_page,10-K,0001193125-15-073581,2015-03-02,61,A,https://www.sec.gov/Archives/edgar/data/1175454/000119312515073581/d831300d10k.htm,,,RESOLVED,,1
3221,IDTI,2015-04-08,2015-04-08T15:10:00-04:00,0000703361,2015-01-31,2015-02-04T23:59:59-05:00,148288258,sec_cover_page,10-Q,0000703361-15-000006,2015-02-04,67,A,https://www.sec.gov/Archives/edgar/data/703361/000070336115000006/idti-12282014x10q.htm,,,RESOLVED,,1
3222,ILMN,2015-04-08,2015-04-08T14:18:00-04:00,0001110803,2015-01-30,2015-02-18T23:59:59-05:00,143800000,dei:EntityCommonStockSharesOutstanding,10-K,0001110803-15-000064,2015-02-18,68,A,https://data.sec.gov/api/xbrl/companyconcept/CIK0001110803/dei/EntityCommonStockSharesOutstanding.json#accn=0001110803-15-000064,,,RESOLVED,,1
3223,INT,2015-04-08,2015-04-08T15:10:00-04:00,0000789460,2015-02-05,2015-02-12T23:59:59-05:00,72091000,sec_cover_page,10-K,0001558370-15-000073,2015-02-12,62,B,https://www.sec.gov/Archives/edgar/data/789460/000155837015000073/int-20141231x10k.htm,,,RESOLVED,,1
3224,MAT,2015-04-08,2015-04-08T14:09:00-04:00,0000063276,2015-02-13,2015-02-25T23:59:59-05:00,338254021,dei:EntityCommonStockSharesOutstanding,10-K,0001193125-15-062193,2015-02-25,54,A,https://data.sec.gov/api/xbrl/companyconcept/CIK0000063276/dei/EntityCommonStockSharesOutstanding.json#accn=0001193125-15-062193,,,RESOLVED,,1
3225,MDU,2015-04-08,2015-04-08T15:27:00-04:00,0000067716,2015-02-13,2015-02-20T23:59:59-05:00,194420095,sec_cover_page,10-K,0000067716-15-000027,2015-02-20,54,A,https://www.sec.gov/Archives/edgar/data/67716/000006771615000027/mdu-12312014form10xk.htm,,,RESOLVED,,1
3226,NATI,2015-04-08,2015-04-08T13:29:00-04:00,0000935494,2015-02-17,2015-02-19T23:59:59-05:00,128137405,sec_cover_page,10-K,0000935494-15-000007,2015-02-19,50,A,https://www.sec.gov/Archives/edgar/data/935494/000093549415000007/nati-20141231x10k.htm,,,RESOLVED,,1
3227,NOW,2015-04-08,2015-04-08T14:03:00-04:00,0001373715,2015-01-31,2015-02-27T23:59:59-05:00,150500000,dei:EntityCommonStockSharesOutstanding,10-K,0001373715-15-000067,2015-02-27,67,A,https://data.sec.gov/api/xbrl/companyconcept/CIK0001373715/dei/EntityCommonStockSharesOutstanding.json#accn=0001373715-15-000067,,,RESOLVED,,1
3228,OSK,2015-04-08,2015-04-08T14:59:00-04:00,0000775158,2015-01-20,2015-01-27T23:59:59-05:00,78140407,sec_cover_page,10-Q,0000775158-15-000002,2015-01-27,78,A,https://www.sec.gov/Archives/edgar/data/775158/000077515815000002/osk10q123114.htm,,,RESOLVED,,1
3229,PBI,2015-04-08,2015-04-08T14:17:00-04:00,0000078814,2015-02-12,2015-02-20T23:59:59-05:00,201622001,sec_cover_page,10-K,0000078814-15-000006,2015-02-20,55,A,https://www.sec.gov/Archives/edgar/data/78814/000007881415000006/pbi2014123110k.htm,,,RESOLVED,,1
3230,POWI,2015-04-08,2015-04-08T14:53:00-04:00,0000833640,2015-01-30,2015-02-10T23:59:59-05:00,29331133,sec_cover_page,10-K,0000833640-15-000060,2015-02-10,68,A,https://www.sec.gov/Archives/edgar/data/833640/000083364015000060/powi-2014123110k.htm,,,RESOLVED,,1
3231,PRU,2015-04-08,2015-04-08T15:17:00-04:00,0001137774,2015-01-31,2015-02-20T23:59:59-05:00,454000000,sec_cover_page,10-K,0001193125-15-056366,2015-02-20,67,B,https://www.sec.gov/Archives/edgar/data/1137774/000119312515056366/d864090d10k.htm,,,RESOLVED,,1
3232,ROG,2015-04-08,2015-04-08T14:59:00-04:00,0000084748,2015-02-04,2015-02-18T23:59:59-05:00,18415753,sec_cover_page,10-K,0000084748-15-000003,2015-02-18,63,A,https://www.sec.gov/Archives/edgar/data/84748/000008474815000003/rog-20141231x10k.htm,,,RESOLVED,,1
3233,ROVI,2015-04-08,2015-04-08T14:18:00-04:00,0001424454,2015-02-13,2015-02-19T23:59:59-05:00,91939167,sec_cover_page,10-K,0001424454-15-000010,2015-02-19,54,A,https://www.sec.gov/Archives/edgar/data/1424454/000142445415000010/rovi12311410k.htm,,,RESOLVED,,1
3234,SGEN,2015-04-08,2015-04-08T13:48:00-04:00,0001060736,2015-02-23,2015-02-27T23:59:59-05:00,124318682,sec_cover_page,10-K,0001193125-15-069861,2015-02-27,44,A,https://www.sec.gov/Archives/edgar/data/1060736/000119312515069861/d823767d10k.htm,,,RESOLVED,,1
3235,SKX,2015-04-08,2015-04-08T14:54:00-04:00,0001065837,2015-02-17,2015-02-27T23:59:59-05:00,52021294,sec_cover_page,10-K,0001193125-15-068511,2015-02-27,50,A,https://www.sec.gov/Archives/edgar/data/1065837/000119312515068511/d846076d10k.htm,,,RESOLVED,,1
3236,SM,2015-04-08,2015-04-08T14:38:00-04:00,0000893538,2015-02-18,2015-02-25T23:59:59-05:00,67463060,sec_cover_page,10-K,0000893538-15-000011,2015-02-25,49,A,https://www.sec.gov/Archives/edgar/data/893538/000089353815000011/sm-20141231x10k.htm,,,RESOLVED,,1
3237,THC,2015-04-08,2015-04-08T15:18:00-04:00,0000070318,2015-01-30,2015-02-23T23:59:59-05:00,98494212,dei:EntityCommonStockSharesOutstanding,10-K,0001558370-15-000132,2015-02-23,68,A,https://data.sec.gov/api/xbrl/companyconcept/CIK0000070318/dei/EntityCommonStockSharesOutstanding.json#accn=0001558370-15-000132,,,RESOLVED,,1
3238,TW,2015-04-08,2015-04-08T15:17:00-04:00,0001470215,2015-01-30,2015-02-05T23:59:59-05:00,69568719,sec_cover_page,10-Q,0001470215-15-000003,2015-02-05,68,A,https://www.sec.gov/Archives/edgar/data/1470215/000147021515000003/tw-20141231x10q.htm,,,RESOLVED,,1
3239,TXT,2015-04-08,2015-04-08T15:04:00-04:00,0000217346,2015-02-07,2015-02-25T23:59:59-05:00,276834630,sec_cover_page,10-K,0001104659-15-013784,2015-02-25,60,A,https://www.sec.gov/Archives/edgar/data/217346/000110465915013784/a14-26298_110k.htm,,,RESOLVED,,1
3240,ACHC,2015-04-09,2015-04-09T14:05:00-04:00,0001520697,2015-02-27,2015-02-27T23:59:59-05:00,66452931,sec_cover_page,10-K,0001193125-15-069793,2015-02-27,41,A,https://www.sec.gov/Archives/edgar/data/1520697/000119312515069793/d854534d10k.htm,,,RESOLVED,,1
3241,ALSN,2015-04-09,2015-04-09T14:47:00-04:00,0001411207,2015-02-05,2015-02-20T23:59:59-05:00,180053650,dei:EntityCommonStockSharesOutstanding,10-K,0001193125-15-055034,2015-02-20,63,A,https://data.sec.gov/api/xbrl/companyconcept/CIK0001411207/dei/EntityCommonStockSharesOutstanding.json#accn=0001193125-15-055034,,,RESOLVED,,1
3242,AMP,2015-04-09,2015-04-09T14:52:00-04:00,0000820027,2015-02-13,2015-02-24T23:59:59-05:00,182511452,dei:EntityCommonStockSharesOutstanding,10-K,0000820027-15-000024,2015-02-24,55,A,https://data.sec.gov/api/xbrl/companyconcept/CIK0000820027/dei/EntityCommonStockSharesOutstanding.json#accn=0000820027-15-000024,,,RESOLVED,,1
3243,BRKR,2015-04-09,2015-04-09T15:00:00-04:00,0001109354,2015-02-19,2015-02-27T23:59:59-05:00,168559338,sec_cover_page,10-K,0001047469-15-001394,2015-02-27,49,A,https://www.sec.gov/Archives/edgar/data/1109354/000104746915001394/a2223291z10-k.htm,,,RESOLVED,,1
3244,CACI,2015-04-09,2015-04-09T14:24:00-04:00,0000016058,2015-01-26,2015-01-30T23:59:59-05:00,24162793,sec_cover_page,10-Q,0001193125-15-027286,2015-01-30,73,A,https://www.sec.gov/Archives/edgar/data/16058/000119312515027286/d858591d10q.htm,,,RESOLVED,,1
3245,CAKE,2015-04-09,2015-04-09T13:52:00-04:00,0000887596,2015-02-16,2015-03-02T23:59:59-05:00,49951875,dei:EntityCommonStockSharesOutstanding,10-K,0001104659-15-015350,2015-03-02,52,A,https://data.sec.gov/api/xbrl/companyconcept/CIK0000887596/dei/EntityCommonStockSharesOutstanding.json#accn=0001104659-15-015350,,,RESOLVED,,1
3246,CBT,2015-04-09,2015-04-09T13:03:00-04:00,0000016040,2015-02-03,2015-02-05T23:59:59-05:00,63717924,sec_cover_page,10-Q,0001193125-15-035405,2015-02-05,65,A,https://www.sec.gov/Archives/edgar/data/16040/000119312515035405/d850813d10q.htm,,,RESOLVED,,1
3247,CGNX,2015-04-09,2015-04-09T14:39:00-04:00,0000851205,2015-02-01,2015-02-12T23:59:59-05:00,86544015,dei:EntityCommonStockSharesOutstanding,10-K,0000851205-15-000003,2015-02-12,67,A,https://data.sec.gov/api/xbrl/companyconcept/CIK0000851205/dei/EntityCommonStockSharesOutstanding.json#accn=0000851205-15-000003,,,RESOLVED,,1
3248,CLD,2015-04-09,2015-04-09T15:03:00-04:00,0001441849,2015-02-11,2015-02-18T23:59:59-05:00,61021242,sec_cover_page,10-K,0001104659-15-011392,2015-02-18,57,A,https://www.sec.gov/Archives/edgar/data/1441849/000110465915011392/a15-1789_110k.htm,,,RESOLVED,,1
3249,CMP,2015-04-09,2015-04-09T15:16:00-04:00,0001227654,2015-02-19,2015-02-23T23:59:59-05:00,33615517,sec_cover_page,10-K,0001140361-15-008475,2015-02-23,49,A,https://www.sec.gov/Archives/edgar/data/1227654/000114036115008475/form10k.htm,,,RESOLVED,,1
3250,COL,2015-04-09,2015-04-09T13:59:00-04:00,0001137411,2015-01-19,2015-01-23T23:59:59-05:00,132287306,dei:EntityCommonStockSharesOutstanding,10-Q,0001137411-15-000029,2015-01-23,80,A,https://data.sec.gov/api/xbrl/companyconcept/CIK0001137411/dei/EntityCommonStockSharesOutstanding.json#accn=0001137411-15-000029,,,RESOLVED,,1
3251,COLM,2015-04-09,2015-04-09T14:43:00-04:00,0001050797,2015-02-13,2015-02-26T23:59:59-05:00,69901076,sec_cover_page,10-K,0001050797-15-000002,2015-02-26,55,A,https://www.sec.gov/Archives/edgar/data/1050797/000105079715000002/colm-20141231x10k.htm,,,RESOLVED,,1
3252,CR,2015-04-09,2015-04-09T15:09:00-04:00,0000025445,2015-01-31,2015-02-25T23:59:59-05:00,58179987,sec_cover_page,10-K,0001628280-15-000998,2015-02-25,68,A,https://www.sec.gov/Archives/edgar/data/25445/000162828015000998/cr-20141231x10k.htm,,,RESOLVED,,1
3253,CREE,2015-04-09,2015-04-09T14:59:00-04:00,0000895419,2015-01-14,2015-01-21T23:59:59-05:00,111630099,dei:EntityCommonStockSharesOutstanding,10-Q,0000895419-15-000007,2015-01-21,85,A,https://data.sec.gov/api/xbrl/companyconcept/CIK0000895419/dei/EntityCommonStockSharesOutstanding.json#accn=0000895419-15-000007,,,RESOLVED,,1
3254,CSOD,2015-04-09,2015-04-09T14:59:00-04:00,0001401680,2015-02-20,2015-02-27T23:59:59-05:00,53882523,sec_cover_page,10-K,0001401680-15-000006,2015-02-27,48,A,https://www.sec.gov/Archives/edgar/data/1401680/000140168015000006/a10-k20141231.htm,,,RESOLVED,,1
3255,DYN,2015-04-09,2015-04-09T13:54:00-04:00,0001379895,2015-02-10,2015-02-25T23:59:59-05:00,124438722,sec_cover_page,10-K,0001379895-15-000005,2015-02-25,58,A,https://www.sec.gov/Archives/edgar/data/1379895/000137989515000005/dyn-20141231_10k.htm,,,RESOLVED,,1
3256,FLT,2015-04-09,2015-04-09T14:58:00-04:00,0001175454,2015-02-06,2015-03-02T23:59:59-05:00,91677376,sec_cover_page,10-K,0001193125-15-073581,2015-03-02,62,A,https://www.sec.gov/Archives/edgar/data/1175454/000119312515073581/d831300d10k.htm,,,RESOLVED,,1
3257,IDTI,2015-04-09,2015-04-09T15:10:00-04:00,0000703361,2015-01-31,2015-02-04T23:59:59-05:00,148288258,sec_cover_page,10-Q,0000703361-15-000006,2015-02-04,68,A,https://www.sec.gov/Archives/edgar/data/703361/000070336115000006/idti-12282014x10q.htm,,,RESOLVED,,1
3258,ILMN,2015-04-09,2015-04-09T14:18:00-04:00,0001110803,2015-01-30,2015-02-18T23:59:59-05:00,143800000,dei:EntityCommonStockSharesOutstanding,10-K,0001110803-15-000064,2015-02-18,69,A,https://data.sec.gov/api/xbrl/companyconcept/CIK0001110803/dei/EntityCommonStockSharesOutstanding.json#accn=0001110803-15-000064,,,RESOLVED,,1
3259,INT,2015-04-09,2015-04-09T15:10:00-04:00,0000789460,2015-02-05,2015-02-12T23:59:59-05:00,72091000,sec_cover_page,10-K,0001558370-15-000073,2015-02-12,63,B,https://www.sec.gov/Archives/edgar/data/789460/000155837015000073/int-20141231x10k.htm,,,RESOLVED,,1
3260,MAT,2015-04-09,2015-04-09T14:09:00-04:00,0000063276,2015-02-13,2015-02-25T23:59:59-05:00,338254021,dei:EntityCommonStockSharesOutstanding,10-K,0001193125-15-062193,2015-02-25,55,A,https://data.sec.gov/api/xbrl/companyconcept/CIK0000063276/dei/EntityCommonStockSharesOutstanding.json#accn=0001193125-15-062193,,,RESOLVED,,1
3261,MDU,2015-04-09,2015-04-09T15:27:00-04:00,0000067716,2015-02-13,2015-02-20T23:59:59-05:00,194420095,sec_cover_page,10-K,0000067716-15-000027,2015-02-20,55,A,https://www.sec.gov/Archives/edgar/data/67716/000006771615000027/mdu-12312014form10xk.htm,,,RESOLVED,,1
3262,NATI,2015-04-09,2015-04-09T13:29:00-04:00,0000935494,2015-02-17,2015-02-19T23:59:59-05:00,128137405,sec_cover_page,10-K,0000935494-15-000007,2015-02-19,51,A,https://www.sec.gov/Archives/edgar/data/935494/000093549415000007/nati-20141231x10k.htm,,,RESOLVED,,1
3263,NOW,2015-04-09,2015-04-09T14:03:00-04:00,0001373715,2015-01-31,2015-02-27T23:59:59-05:00,150500000,dei:EntityCommonStockSharesOutstanding,10-K,0001373715-15-000067,2015-02-27,68,A,https://data.sec.gov/api/xbrl/companyconcept/CIK0001373715/dei/EntityCommonStockSharesOutstanding.json#accn=0001373715-15-000067,,,RESOLVED,,1
3264,OSK,2015-04-09,2015-04-09T14:59:00-04:00,0000775158,2015-01-20,2015-01-27T23:59:59-05:00,78140407,sec_cover_page,10-Q,0000775158-15-000002,2015-01-27,79,A,https://www.sec.gov/Archives/edgar/data/775158/000077515815000002/osk10q123114.htm,,,RESOLVED,,1
3265,PBI,2015-04-09,2015-04-09T14:17:00-04:00,0000078814,2015-02-12,2015-02-20T23:59:59-05:00,201622001,sec_cover_page,10-K,0000078814-15-000006,2015-02-20,56,A,https://www.sec.gov/Archives/edgar/data/78814/000007881415000006/pbi2014123110k.htm,,,RESOLVED,,1
3266,POWI,2015-04-09,2015-04-09T14:53:00-04:00,0000833640,2015-01-30,2015-02-10T23:59:59-05:00,29331133,sec_cover_page,10-K,0000833640-15-000060,2015-02-10,69,A,https://www.sec.gov/Archives/edgar/data/833640/000083364015000060/powi-2014123110k.htm,,,RESOLVED,,1
3267,PRU,2015-04-09,2015-04-09T15:17:00-04:00,0001137774,2015-01-31,2015-02-20T23:59:59-05:00,454000000,sec_cover_page,10-K,0001193125-15-056366,2015-02-20,68,B,https://www.sec.gov/Archives/edgar/data/1137774/000119312515056366/d864090d10k.htm,,,RESOLVED,,1
3268,ROG,2015-04-09,2015-04-09T14:59:00-04:00,0000084748,2015-02-04,2015-02-18T23:59:59-05:00,18415753,sec_cover_page,10-K,0000084748-15-000003,2015-02-18,64,A,https://www.sec.gov/Archives/edgar/data/84748/000008474815000003/rog-20141231x10k.htm,,,RESOLVED,,1
3269,ROVI,2015-04-09,2015-04-09T14:18:00-04:00,0001424454,2015-02-13,2015-02-19T23:59:59-05:00,91939167,sec_cover_page,10-K,0001424454-15-000010,2015-02-19,55,A,https://www.sec.gov/Archives/edgar/data/1424454/000142445415000010/rovi12311410k.htm,,,RESOLVED,,1
3270,SGEN,2015-04-09,2015-04-09T13:48:00-04:00,0001060736,2015-02-23,2015-02-27T23:59:59-05:00,124318682,sec_cover_page,10-K,0001193125-15-069861,2015-02-27,45,A,https://www.sec.gov/Archives/edgar/data/1060736/000119312515069861/d823767d10k.htm,,,RESOLVED,,1
3271,SKX,2015-04-09,2015-04-09T14:54:00-04:00,0001065837,2015-02-17,2015-02-27T23:59:59-05:00,52021294,sec_cover_page,10-K,0001193125-15-068511,2015-02-27,51,A,https://www.sec.gov/Archives/edgar/data/1065837/000119312515068511/d846076d10k.htm,,,RESOLVED,,1
3272,SM,2015-04-09,2015-04-09T14:38:00-04:00,0000893538,2015-02-18,2015-02-25T23:59:59-05:00,67463060,sec_cover_page,10-K,0000893538-15-000011,2015-02-25,50,A,https://www.sec.gov/Archives/edgar/data/893538/000089353815000011/sm-20141231x10k.htm,,,RESOLVED,,1
3273,THC,2015-04-09,2015-04-09T15:18:00-04:00,0000070318,2015-01-30,2015-02-23T23:59:59-05:00,98494212,dei:EntityCommonStockSharesOutstanding,10-K,0001558370-15-000132,2015-02-23,69,A,https://data.sec.gov/api/xbrl/companyconcept/CIK0000070318/dei/EntityCommonStockSharesOutstanding.json#accn=0001558370-15-000132,,,RESOLVED,,1
3274,TW,2015-04-09,2015-04-09T15:17:00-04:00,0001470215,2015-01-30,2015-02-05T23:59:59-05:00,69568719,sec_cover_page,10-Q,0001470215-15-000003,2015-02-05,69,A,https://www.sec.gov/Archives/edgar/data/1470215/000147021515000003/tw-20141231x10q.htm,,,RESOLVED,,1
3275,TXT,2015-04-09,2015-04-09T15:04:00-04:00,0000217346,2015-02-07,2015-02-25T23:59:59-05:00,276834630,sec_cover_page,10-K,0001104659-15-013784,2015-02-25,61,A,https://www.sec.gov/Archives/edgar/data/217346/000110465915013784/a14-26298_110k.htm,,,RESOLVED,,1
3276,ACHC,2015-04-10,2015-04-10T14:05:00-04:00,0001520697,2015-02-27,2015-02-27T23:59:59-05:00,66452931,sec_cover_page,10-K,0001193125-15-069793,2015-02-27,42,A,https://www.sec.gov/Archives/edgar/data/1520697/000119312515069793/d854534d10k.htm,,,RESOLVED,,1
3277,ALSN,2015-04-10,2015-04-10T14:47:00-04:00,0001411207,2015-02-05,2015-02-20T23:59:59-05:00,180053650,dei:EntityCommonStockSharesOutstanding,10-K,0001193125-15-055034,2015-02-20,64,A,https://data.sec.gov/api/xbrl/companyconcept/CIK0001411207/dei/EntityCommonStockSharesOutstanding.json#accn=0001193125-15-055034,,,RESOLVED,,1
3278,AMP,2015-04-10,2015-04-10T14:52:00-04:00,0000820027,2015-02-13,2015-02-24T23:59:59-05:00,182511452,dei:EntityCommonStockSharesOutstanding,10-K,0000820027-15-000024,2015-02-24,56,A,https://data.sec.gov/api/xbrl/companyconcept/CIK0000820027/dei/EntityCommonStockSharesOutstanding.json#accn=0000820027-15-000024,,,RESOLVED,,1
3279,BRKR,2015-04-10,2015-04-10T15:00:00-04:00,0001109354,2015-02-19,2015-02-27T23:59:59-05:00,168559338,sec_cover_page,10-K,0001047469-15-001394,2015-02-27,50,A,https://www.sec.gov/Archives/edgar/data/1109354/000104746915001394/a2223291z10-k.htm,,,RESOLVED,,1
3280,CACI,2015-04-10,2015-04-10T14:24:00-04:00,0000016058,2015-01-26,2015-01-30T23:59:59-05:00,24162793,sec_cover_page,10-Q,0001193125-15-027286,2015-01-30,74,A,https://www.sec.gov/Archives/edgar/data/16058/000119312515027286/d858591d10q.htm,,,RESOLVED,,1
3281,CAKE,2015-04-10,2015-04-10T13:52:00-04:00,0000887596,2015-02-16,2015-03-02T23:59:59-05:00,49951875,dei:EntityCommonStockSharesOutstanding,10-K,0001104659-15-015350,2015-03-02,53,A,https://data.sec.gov/api/xbrl/companyconcept/CIK0000887596/dei/EntityCommonStockSharesOutstanding.json#accn=0001104659-15-015350,,,RESOLVED,,1
3282,CBT,2015-04-10,2015-04-10T13:03:00-04:00,0000016040,2015-02-03,2015-02-05T23:59:59-05:00,63717924,sec_cover_page,10-Q,0001193125-15-035405,2015-02-05,66,A,https://www.sec.gov/Archives/edgar/data/16040/000119312515035405/d850813d10q.htm,,,RESOLVED,,1
3283,CGNX,2015-04-10,2015-04-10T14:39:00-04:00,0000851205,2015-02-01,2015-02-12T23:59:59-05:00,86544015,dei:EntityCommonStockSharesOutstanding,10-K,0000851205-15-000003,2015-02-12,68,A,https://data.sec.gov/api/xbrl/companyconcept/CIK0000851205/dei/EntityCommonStockSharesOutstanding.json#accn=0000851205-15-000003,,,RESOLVED,,1
3284,CLD,2015-04-10,2015-04-10T15:03:00-04:00,0001441849,2015-02-11,2015-02-18T23:59:59-05:00,61021242,sec_cover_page,10-K,0001104659-15-011392,2015-02-18,58,A,https://www.sec.gov/Archives/edgar/data/1441849/000110465915011392/a15-1789_110k.htm,,,RESOLVED,,1
3285,CMP,2015-04-10,2015-04-10T15:16:00-04:00,0001227654,2015-02-19,2015-02-23T23:59:59-05:00,33615517,sec_cover_page,10-K,0001140361-15-008475,2015-02-23,50,A,https://www.sec.gov/Archives/edgar/data/1227654/000114036115008475/form10k.htm,,,RESOLVED,,1
3286,COL,2015-04-10,2015-04-10T13:59:00-04:00,0001137411,2015-01-19,2015-01-23T23:59:59-05:00,132287306,dei:EntityCommonStockSharesOutstanding,10-Q,0001137411-15-000029,2015-01-23,81,A,https://data.sec.gov/api/xbrl/companyconcept/CIK0001137411/dei/EntityCommonStockSharesOutstanding.json#accn=0001137411-15-000029,,,RESOLVED,,1
3287,COLM,2015-04-10,2015-04-10T14:43:00-04:00,0001050797,2015-02-13,2015-02-26T23:59:59-05:00,69901076,sec_cover_page,10-K,0001050797-15-000002,2015-02-26,56,A,https://www.sec.gov/Archives/edgar/data/1050797/000105079715000002/colm-20141231x10k.htm,,,RESOLVED,,1
3288,CR,2015-04-10,2015-04-10T15:09:00-04:00,0000025445,2015-01-31,2015-02-25T23:59:59-05:00,58179987,sec_cover_page,10-K,0001628280-15-000998,2015-02-25,69,A,https://www.sec.gov/Archives/edgar/data/25445/000162828015000998/cr-20141231x10k.htm,,,RESOLVED,,1
3289,CREE,2015-04-10,2015-04-10T14:59:00-04:00,0000895419,2015-01-14,2015-01-21T23:59:59-05:00,111630099,dei:EntityCommonStockSharesOutstanding,10-Q,0000895419-15-000007,2015-01-21,86,A,https://data.sec.gov/api/xbrl/companyconcept/CIK0000895419/dei/EntityCommonStockSharesOutstanding.json#accn=0000895419-15-000007,,,RESOLVED,,1
3290,CSOD,2015-04-10,2015-04-10T14:59:00-04:00,0001401680,2015-02-20,2015-02-27T23:59:59-05:00,53882523,sec_cover_page,10-K,0001401680-15-000006,2015-02-27,49,A,https://www.sec.gov/Archives/edgar/data/1401680/000140168015000006/a10-k20141231.htm,,,RESOLVED,,1
3291,DYN,2015-04-10,2015-04-10T13:54:00-04:00,0001379895,2015-02-10,2015-02-25T23:59:59-05:00,124438722,sec_cover_page,10-K,0001379895-15-000005,2015-02-25,59,A,https://www.sec.gov/Archives/edgar/data/1379895/000137989515000005/dyn-20141231_10k.htm,,,RESOLVED,,1
3292,FLT,2015-04-10,2015-04-10T14:58:00-04:00,0001175454,2015-02-06,2015-03-02T23:59:59-05:00,91677376,sec_cover_page,10-K,0001193125-15-073581,2015-03-02,63,A,https://www.sec.gov/Archives/edgar/data/1175454/000119312515073581/d831300d10k.htm,,,RESOLVED,,1
3293,IDTI,2015-04-10,2015-04-10T15:10:00-04:00,0000703361,2015-01-31,2015-02-04T23:59:59-05:00,148288258,sec_cover_page,10-Q,0000703361-15-000006,2015-02-04,69,A,https://www.sec.gov/Archives/edgar/data/703361/000070336115000006/idti-12282014x10q.htm,,,RESOLVED,,1
3294,ILMN,2015-04-10,2015-04-10T14:18:00-04:00,0001110803,2015-01-30,2015-02-18T23:59:59-05:00,143800000,dei:EntityCommonStockSharesOutstanding,10-K,0001110803-15-000064,2015-02-18,70,A,https://data.sec.gov/api/xbrl/companyconcept/CIK0001110803/dei/EntityCommonStockSharesOutstanding.json#accn=0001110803-15-000064,,,RESOLVED,,1
3295,INT,2015-04-10,2015-04-10T15:10:00-04:00,0000789460,2015-02-05,2015-02-12T23:59:59-05:00,72091000,sec_cover_page,10-K,0001558370-15-000073,2015-02-12,64,B,https://www.sec.gov/Archives/edgar/data/789460/000155837015000073/int-20141231x10k.htm,,,RESOLVED,,1
3296,MAT,2015-04-10,2015-04-10T14:09:00-04:00,0000063276,2015-02-13,2015-02-25T23:59:59-05:00,338254021,dei:EntityCommonStockSharesOutstanding,10-K,0001193125-15-062193,2015-02-25,56,A,https://data.sec.gov/api/xbrl/companyconcept/CIK0000063276/dei/EntityCommonStockSharesOutstanding.json#accn=0001193125-15-062193,,,RESOLVED,,1
3297,MDU,2015-04-10,2015-04-10T15:27:00-04:00,0000067716,2015-02-13,2015-02-20T23:59:59-05:00,194420095,sec_cover_page,10-K,0000067716-15-000027,2015-02-20,56,A,https://www.sec.gov/Archives/edgar/data/67716/000006771615000027/mdu-12312014form10xk.htm,,,RESOLVED,,1
3298,NATI,2015-04-10,2015-04-10T13:29:00-04:00,0000935494,2015-02-17,2015-02-19T23:59:59-05:00,128137405,sec_cover_page,10-K,0000935494-15-000007,2015-02-19,52,A,https://www.sec.gov/Archives/edgar/data/935494/000093549415000007/nati-20141231x10k.htm,,,RESOLVED,,1
3299,NOW,2015-04-10,2015-04-10T14:03:00-04:00,0001373715,2015-01-31,2015-02-27T23:59:59-05:00,150500000,dei:EntityCommonStockSharesOutstanding,10-K,0001373715-15-000067,2015-02-27,69,A,https://data.sec.gov/api/xbrl/companyconcept/CIK0001373715/dei/EntityCommonStockSharesOutstanding.json#accn=0001373715-15-000067,,,RESOLVED,,1
3300,OSK,2015-04-10,2015-04-10T14:59:00-04:00,0000775158,2015-01-20,2015-01-27T23:59:59-05:00,78140407,sec_cover_page,10-Q,0000775158-15-000002,2015-01-27,80,A,https://www.sec.gov/Archives/edgar/data/775158/000077515815000002/osk10q123114.htm,,,RESOLVED,,1
3301,PBI,2015-04-10,2015-04-10T14:17:00-04:00,0000078814,2015-02-12,2015-02-20T23:59:59-05:00,201622001,sec_cover_page,10-K,0000078814-15-000006,2015-02-20,57,A,https://www.sec.gov/Archives/edgar/data/78814/000007881415000006/pbi2014123110k.htm,,,RESOLVED,,1
3302,POWI,2015-04-10,2015-04-10T14:53:00-04:00,0000833640,2015-01-30,2015-02-10T23:59:59-05:00,29331133,sec_cover_page,10-K,0000833640-15-000060,2015-02-10,70,A,https://www.sec.gov/Archives/edgar/data/833640/000083364015000060/powi-2014123110k.htm,,,RESOLVED,,1
3303,PRU,2015-04-10,2015-04-10T15:17:00-04:00,0001137774,2015-01-31,2015-02-20T23:59:59-05:00,454000000,sec_cover_page,10-K,0001193125-15-056366,2015-02-20,69,B,https://www.sec.gov/Archives/edgar/data/1137774/000119312515056366/d864090d10k.htm,,,RESOLVED,,1
3304,ROG,2015-04-10,2015-04-10T14:59:00-04:00,0000084748,2015-02-04,2015-02-18T23:59:59-05:00,18415753,sec_cover_page,10-K,0000084748-15-000003,2015-02-18,65,A,https://www.sec.gov/Archives/edgar/data/84748/000008474815000003/rog-20141231x10k.htm,,,RESOLVED,,1
3305,ROVI,2015-04-10,2015-04-10T14:18:00-04:00,0001424454,2015-02-13,2015-02-19T23:59:59-05:00,91939167,sec_cover_page,10-K,0001424454-15-000010,2015-02-19,56,A,https://www.sec.gov/Archives/edgar/data/1424454/000142445415000010/rovi12311410k.htm,,,RESOLVED,,1
3306,SGEN,2015-04-10,2015-04-10T13:48:00-04:00,0001060736,2015-02-23,2015-02-27T23:59:59-05:00,124318682,sec_cover_page,10-K,0001193125-15-069861,2015-02-27,46,A,https://www.sec.gov/Archives/edgar/data/1060736/000119312515069861/d823767d10k.htm,,,RESOLVED,,1
3307,SKX,2015-04-10,2015-04-10T14:54:00-04:00,0001065837,2015-02-17,2015-02-27T23:59:59-05:00,52021294,sec_cover_page,10-K,0001193125-15-068511,2015-02-27,52,A,https://www.sec.gov/Archives/edgar/data/1065837/000119312515068511/d846076d10k.htm,,,RESOLVED,,1
3308,SM,2015-04-10,2015-04-10T14:38:00-04:00,0000893538,2015-02-18,2015-02-25T23:59:59-05:00,67463060,sec_cover_page,10-K,0000893538-15-000011,2015-02-25,51,A,https://www.sec.gov/Archives/edgar/data/893538/000089353815000011/sm-20141231x10k.htm,,,RESOLVED,,1
3309,THC,2015-04-10,2015-04-10T15:18:00-04:00,0000070318,2015-01-30,2015-02-23T23:59:59-05:00,98494212,dei:EntityCommonStockSharesOutstanding,10-K,0001558370-15-000132,2015-02-23,70,A,https://data.sec.gov/api/xbrl/companyconcept/CIK0000070318/dei/EntityCommonStockSharesOutstanding.json#accn=0001558370-15-000132,,,RESOLVED,,1
3310,TW,2015-04-10,2015-04-10T15:17:00-04:00,0001470215,2015-01-30,2015-02-05T23:59:59-05:00,69568719,sec_cover_page,10-Q,0001470215-15-000003,2015-02-05,70,A,https://www.sec.gov/Archives/edgar/data/1470215/000147021515000003/tw-20141231x10q.htm,,,RESOLVED,,1
3311,TXT,2015-04-10,2015-04-10T15:04:00-04:00,0000217346,2015-02-07,2015-02-25T23:59:59-05:00,276834630,sec_cover_page,10-K,0001104659-15-013784,2015-02-25,62,A,https://www.sec.gov/Archives/edgar/data/217346/000110465915013784/a14-26298_110k.htm,,,RESOLVED,,1
3312,ACHC,2015-04-13,2015-04-13T14:05:00-04:00,0001520697,2015-02-27,2015-02-27T23:59:59-05:00,66452931,sec_cover_page,10-K,0001193125-15-069793,2015-02-27,45,A,https://www.sec.gov/Archives/edgar/data/1520697/000119312515069793/d854534d10k.htm,,,RESOLVED,,1
3313,ALSN,2015-04-13,2015-04-13T14:47:00-04:00,0001411207,2015-02-05,2015-02-20T23:59:59-05:00,180053650,dei:EntityCommonStockSharesOutstanding,10-K,0001193125-15-055034,2015-02-20,67,A,https://data.sec.gov/api/xbrl/companyconcept/CIK0001411207/dei/EntityCommonStockSharesOutstanding.json#accn=0001193125-15-055034,,,RESOLVED,,1
3314,AMP,2015-04-13,2015-04-13T14:52:00-04:00,0000820027,2015-02-13,2015-02-24T23:59:59-05:00,182511452,dei:EntityCommonStockSharesOutstanding,10-K,0000820027-15-000024,2015-02-24,59,A,https://data.sec.gov/api/xbrl/companyconcept/CIK0000820027/dei/EntityCommonStockSharesOutstanding.json#accn=0000820027-15-000024,,,RESOLVED,,1
3315,BRKR,2015-04-13,2015-04-13T15:00:00-04:00,0001109354,2015-02-19,2015-02-27T23:59:59-05:00,168559338,sec_cover_page,10-K,0001047469-15-001394,2015-02-27,53,A,https://www.sec.gov/Archives/edgar/data/1109354/000104746915001394/a2223291z10-k.htm,,,RESOLVED,,1
3316,CACI,2015-04-13,2015-04-13T14:24:00-04:00,0000016058,2015-01-26,2015-01-30T23:59:59-05:00,24162793,sec_cover_page,10-Q,0001193125-15-027286,2015-01-30,77,A,https://www.sec.gov/Archives/edgar/data/16058/000119312515027286/d858591d10q.htm,,,RESOLVED,,1
3317,CAKE,2015-04-13,2015-04-13T13:52:00-04:00,0000887596,2015-02-16,2015-03-02T23:59:59-05:00,49951875,dei:EntityCommonStockSharesOutstanding,10-K,0001104659-15-015350,2015-03-02,56,A,https://data.sec.gov/api/xbrl/companyconcept/CIK0000887596/dei/EntityCommonStockSharesOutstanding.json#accn=0001104659-15-015350,,,RESOLVED,,1
3318,CBT,2015-04-13,2015-04-13T13:03:00-04:00,0000016040,2015-02-03,2015-02-05T23:59:59-05:00,63717924,sec_cover_page,10-Q,0001193125-15-035405,2015-02-05,69,A,https://www.sec.gov/Archives/edgar/data/16040/000119312515035405/d850813d10q.htm,,,RESOLVED,,1
3319,CGNX,2015-04-13,2015-04-13T14:39:00-04:00,0000851205,2015-02-01,2015-02-12T23:59:59-05:00,86544015,dei:EntityCommonStockSharesOutstanding,10-K,0000851205-15-000003,2015-02-12,71,A,https://data.sec.gov/api/xbrl/companyconcept/CIK0000851205/dei/EntityCommonStockSharesOutstanding.json#accn=0000851205-15-000003,,,RESOLVED,,1
3320,CLD,2015-04-13,2015-04-13T15:03:00-04:00,0001441849,2015-02-11,2015-02-18T23:59:59-05:00,61021242,sec_cover_page,10-K,0001104659-15-011392,2015-02-18,61,A,https://www.sec.gov/Archives/edgar/data/1441849/000110465915011392/a15-1789_110k.htm,,,RESOLVED,,1
3321,CMP,2015-04-13,2015-04-13T15:16:00-04:00,0001227654,2015-02-19,2015-02-23T23:59:59-05:00,33615517,sec_cover_page,10-K,0001140361-15-008475,2015-02-23,53,A,https://www.sec.gov/Archives/edgar/data/1227654/000114036115008475/form10k.htm,,,RESOLVED,,1
3322,COL,2015-04-13,2015-04-13T13:59:00-04:00,0001137411,2015-01-19,2015-01-23T23:59:59-05:00,132287306,dei:EntityCommonStockSharesOutstanding,10-Q,0001137411-15-000029,2015-01-23,84,A,https://data.sec.gov/api/xbrl/companyconcept/CIK0001137411/dei/EntityCommonStockSharesOutstanding.json#accn=0001137411-15-000029,,,RESOLVED,,1
3323,COLM,2015-04-13,2015-04-13T14:43:00-04:00,0001050797,2015-02-13,2015-02-26T23:59:59-05:00,69901076,sec_cover_page,10-K,0001050797-15-000002,2015-02-26,59,A,https://www.sec.gov/Archives/edgar/data/1050797/000105079715000002/colm-20141231x10k.htm,,,RESOLVED,,1
3324,CR,2015-04-13,2015-04-13T15:09:00-04:00,0000025445,2015-01-31,2015-02-25T23:59:59-05:00,58179987,sec_cover_page,10-K,0001628280-15-000998,2015-02-25,72,A,https://www.sec.gov/Archives/edgar/data/25445/000162828015000998/cr-20141231x10k.htm,,,RESOLVED,,1
3325,CREE,2015-04-13,2015-04-13T14:59:00-04:00,0000895419,2015-01-14,2015-01-21T23:59:59-05:00,111630099,dei:EntityCommonStockSharesOutstanding,10-Q,0000895419-15-000007,2015-01-21,89,A,https://data.sec.gov/api/xbrl/companyconcept/CIK0000895419/dei/EntityCommonStockSharesOutstanding.json#accn=0000895419-15-000007,,,RESOLVED,,1
3326,CSOD,2015-04-13,2015-04-13T14:59:00-04:00,0001401680,2015-02-20,2015-02-27T23:59:59-05:00,53882523,sec_cover_page,10-K,0001401680-15-000006,2015-02-27,52,A,https://www.sec.gov/Archives/edgar/data/1401680/000140168015000006/a10-k20141231.htm,,,RESOLVED,,1
3327,DYN,2015-04-13,2015-04-13T13:54:00-04:00,0001379895,2015-02-10,2015-02-25T23:59:59-05:00,124438722,sec_cover_page,10-K,0001379895-15-000005,2015-02-25,62,A,https://www.sec.gov/Archives/edgar/data/1379895/000137989515000005/dyn-20141231_10k.htm,,,RESOLVED,,1
3328,FLT,2015-04-13,2015-04-13T14:58:00-04:00,0001175454,2015-02-06,2015-03-02T23:59:59-05:00,91677376,sec_cover_page,10-K,0001193125-15-073581,2015-03-02,66,A,https://www.sec.gov/Archives/edgar/data/1175454/000119312515073581/d831300d10k.htm,,,RESOLVED,,1
3329,IDTI,2015-04-13,2015-04-13T15:10:00-04:00,0000703361,2015-01-31,2015-02-04T23:59:59-05:00,148288258,sec_cover_page,10-Q,0000703361-15-000006,2015-02-04,72,A,https://www.sec.gov/Archives/edgar/data/703361/000070336115000006/idti-12282014x10q.htm,,,RESOLVED,,1
3330,ILMN,2015-04-13,2015-04-13T14:18:00-04:00,0001110803,2015-01-30,2015-02-18T23:59:59-05:00,143800000,dei:EntityCommonStockSharesOutstanding,10-K,0001110803-15-000064,2015-02-18,73,A,https://data.sec.gov/api/xbrl/companyconcept/CIK0001110803/dei/EntityCommonStockSharesOutstanding.json#accn=0001110803-15-000064,,,RESOLVED,,1
3331,INT,2015-04-13,2015-04-13T15:10:00-04:00,0000789460,2015-02-05,2015-02-12T23:59:59-05:00,72091000,sec_cover_page,10-K,0001558370-15-000073,2015-02-12,67,B,https://www.sec.gov/Archives/edgar/data/789460/000155837015000073/int-20141231x10k.htm,,,RESOLVED,,1
3332,MAT,2015-04-13,2015-04-13T14:09:00-04:00,0000063276,2015-02-13,2015-02-25T23:59:59-05:00,338254021,dei:EntityCommonStockSharesOutstanding,10-K,0001193125-15-062193,2015-02-25,59,A,https://data.sec.gov/api/xbrl/companyconcept/CIK0000063276/dei/EntityCommonStockSharesOutstanding.json#accn=0001193125-15-062193,,,RESOLVED,,1
3333,MDU,2015-04-13,2015-04-13T15:27:00-04:00,0000067716,2015-02-13,2015-02-20T23:59:59-05:00,194420095,sec_cover_page,10-K,0000067716-15-000027,2015-02-20,59,A,https://www.sec.gov/Archives/edgar/data/67716/000006771615000027/mdu-12312014form10xk.htm,,,RESOLVED,,1
3334,NATI,2015-04-13,2015-04-13T13:29:00-04:00,0000935494,2015-02-17,2015-02-19T23:59:59-05:00,128137405,sec_cover_page,10-K,0000935494-15-000007,2015-02-19,55,A,https://www.sec.gov/Archives/edgar/data/935494/000093549415000007/nati-20141231x10k.htm,,,RESOLVED,,1
3335,NOW,2015-04-13,2015-04-13T14:03:00-04:00,0001373715,2015-01-31,2015-02-27T23:59:59-05:00,150500000,dei:EntityCommonStockSharesOutstanding,10-K,0001373715-15-000067,2015-02-27,72,A,https://data.sec.gov/api/xbrl/companyconcept/CIK0001373715/dei/EntityCommonStockSharesOutstanding.json#accn=0001373715-15-000067,,,RESOLVED,,1
3336,OSK,2015-04-13,2015-04-13T14:59:00-04:00,0000775158,2015-01-20,2015-01-27T23:59:59-05:00,78140407,sec_cover_page,10-Q,0000775158-15-000002,2015-01-27,83,A,https://www.sec.gov/Archives/edgar/data/775158/000077515815000002/osk10q123114.htm,,,RESOLVED,,1
3337,PBI,2015-04-13,2015-04-13T14:17:00-04:00,0000078814,2015-02-12,2015-02-20T23:59:59-05:00,201622001,sec_cover_page,10-K,0000078814-15-000006,2015-02-20,60,A,https://www.sec.gov/Archives/edgar/data/78814/000007881415000006/pbi2014123110k.htm,,,RESOLVED,,1
3338,POWI,2015-04-13,2015-04-13T14:53:00-04:00,0000833640,2015-01-30,2015-02-10T23:59:59-05:00,29331133,sec_cover_page,10-K,0000833640-15-000060,2015-02-10,73,A,https://www.sec.gov/Archives/edgar/data/833640/000083364015000060/powi-2014123110k.htm,,,RESOLVED,,1
3339,PRU,2015-04-13,2015-04-13T15:17:00-04:00,0001137774,2015-01-31,2015-02-20T23:59:59-05:00,454000000,sec_cover_page,10-K,0001193125-15-056366,2015-02-20,72,B,https://www.sec.gov/Archives/edgar/data/1137774/000119312515056366/d864090d10k.htm,,,RESOLVED,,1
3340,ROG,2015-04-13,2015-04-13T14:59:00-04:00,0000084748,2015-02-04,2015-02-18T23:59:59-05:00,18415753,sec_cover_page,10-K,0000084748-15-000003,2015-02-18,68,A,https://www.sec.gov/Archives/edgar/data/84748/000008474815000003/rog-20141231x10k.htm,,,RESOLVED,,1
3341,ROVI,2015-04-13,2015-04-13T14:18:00-04:00,0001424454,2015-02-13,2015-02-19T23:59:59-05:00,91939167,sec_cover_page,10-K,0001424454-15-000010,2015-02-19,59,A,https://www.sec.gov/Archives/edgar/data/1424454/000142445415000010/rovi12311410k.htm,,,RESOLVED,,1
3342,SGEN,2015-04-13,2015-04-13T13:48:00-04:00,0001060736,2015-02-23,2015-02-27T23:59:59-05:00,124318682,sec_cover_page,10-K,0001193125-15-069861,2015-02-27,49,A,https://www.sec.gov/Archives/edgar/data/1060736/000119312515069861/d823767d10k.htm,,,RESOLVED,,1
3343,SKX,2015-04-13,2015-04-13T14:54:00-04:00,0001065837,2015-02-17,2015-02-27T23:59:59-05:00,52021294,sec_cover_page,10-K,0001193125-15-068511,2015-02-27,55,A,https://www.sec.gov/Archives/edgar/data/1065837/000119312515068511/d846076d10k.htm,,,RESOLVED,,1
3344,SM,2015-04-13,2015-04-13T14:38:00-04:00,0000893538,2015-02-18,2015-02-25T23:59:59-05:00,67463060,sec_cover_page,10-K,0000893538-15-000011,2015-02-25,54,A,https://www.sec.gov/Archives/edgar/data/893538/000089353815000011/sm-20141231x10k.htm,,,RESOLVED,,1
3345,THC,2015-04-13,2015-04-13T15:18:00-04:00,0000070318,2015-01-30,2015-02-23T23:59:59-05:00,98494212,dei:EntityCommonStockSharesOutstanding,10-K,0001558370-15-000132,2015-02-23,73,A,https://data.sec.gov/api/xbrl/companyconcept/CIK0000070318/dei/EntityCommonStockSharesOutstanding.json#accn=0001558370-15-000132,,,RESOLVED,,1
3346,TW,2015-04-13,2015-04-13T15:17:00-04:00,0001470215,2015-01-30,2015-02-05T23:59:59-05:00,69568719,sec_cover_page,10-Q,0001470215-15-000003,2015-02-05,73,A,https://www.sec.gov/Archives/edgar/data/1470215/000147021515000003/tw-20141231x10q.htm,,,RESOLVED,,1
3347,TXT,2015-04-13,2015-04-13T15:04:00-04:00,0000217346,2015-02-07,2015-02-25T23:59:59-05:00,276834630,sec_cover_page,10-K,0001104659-15-013784,2015-02-25,65,A,https://www.sec.gov/Archives/edgar/data/217346/000110465915013784/a14-26298_110k.htm,,,RESOLVED,,1
3348,ACHC,2015-04-14,2015-04-14T14:05:00-04:00,0001520697,2015-02-27,2015-02-27T23:59:59-05:00,66452931,sec_cover_page,10-K,0001193125-15-069793,2015-02-27,46,A,https://www.sec.gov/Archives/edgar/data/1520697/000119312515069793/d854534d10k.htm,,,RESOLVED,,1
3349,ALSN,2015-04-14,2015-04-14T14:47:00-04:00,0001411207,2015-02-05,2015-02-20T23:59:59-05:00,180053650,dei:EntityCommonStockSharesOutstanding,10-K,0001193125-15-055034,2015-02-20,68,A,https://data.sec.gov/api/xbrl/companyconcept/CIK0001411207/dei/EntityCommonStockSharesOutstanding.json#accn=0001193125-15-055034,,,RESOLVED,,1
3350,AMP,2015-04-14,2015-04-14T14:52:00-04:00,0000820027,2015-02-13,2015-02-24T23:59:59-05:00,182511452,dei:EntityCommonStockSharesOutstanding,10-K,0000820027-15-000024,2015-02-24,60,A,https://data.sec.gov/api/xbrl/companyconcept/CIK0000820027/dei/EntityCommonStockSharesOutstanding.json#accn=0000820027-15-000024,,,RESOLVED,,1
3351,BRKR,2015-04-14,2015-04-14T15:00:00-04:00,0001109354,2015-02-19,2015-02-27T23:59:59-05:00,168559338,sec_cover_page,10-K,0001047469-15-001394,2015-02-27,54,A,https://www.sec.gov/Archives/edgar/data/1109354/000104746915001394/a2223291z10-k.htm,,,RESOLVED,,1
3352,CACI,2015-04-14,2015-04-14T14:24:00-04:00,0000016058,2015-01-26,2015-01-30T23:59:59-05:00,24162793,sec_cover_page,10-Q,0001193125-15-027286,2015-01-30,78,A,https://www.sec.gov/Archives/edgar/data/16058/000119312515027286/d858591d10q.htm,,,RESOLVED,,1
3353,CAKE,2015-04-14,2015-04-14T13:52:00-04:00,0000887596,2015-02-16,2015-03-02T23:59:59-05:00,49951875,dei:EntityCommonStockSharesOutstanding,10-K,0001104659-15-015350,2015-03-02,57,A,https://data.sec.gov/api/xbrl/companyconcept/CIK0000887596/dei/EntityCommonStockSharesOutstanding.json#accn=0001104659-15-015350,,,RESOLVED,,1
3354,CBT,2015-04-14,2015-04-14T13:03:00-04:00,0000016040,2015-02-03,2015-02-05T23:59:59-05:00,63717924,sec_cover_page,10-Q,0001193125-15-035405,2015-02-05,70,A,https://www.sec.gov/Archives/edgar/data/16040/000119312515035405/d850813d10q.htm,,,RESOLVED,,1
3355,CGNX,2015-04-14,2015-04-14T14:39:00-04:00,0000851205,2015-02-01,2015-02-12T23:59:59-05:00,86544015,dei:EntityCommonStockSharesOutstanding,10-K,0000851205-15-000003,2015-02-12,72,A,https://data.sec.gov/api/xbrl/companyconcept/CIK0000851205/dei/EntityCommonStockSharesOutstanding.json#accn=0000851205-15-000003,,,RESOLVED,,1
3356,CLD,2015-04-14,2015-04-14T15:03:00-04:00,0001441849,2015-02-11,2015-02-18T23:59:59-05:00,61021242,sec_cover_page,10-K,0001104659-15-011392,2015-02-18,62,A,https://www.sec.gov/Archives/edgar/data/1441849/000110465915011392/a15-1789_110k.htm,,,RESOLVED,,1
3357,CMP,2015-04-14,2015-04-14T15:16:00-04:00,0001227654,2015-02-19,2015-02-23T23:59:59-05:00,33615517,sec_cover_page,10-K,0001140361-15-008475,2015-02-23,54,A,https://www.sec.gov/Archives/edgar/data/1227654/000114036115008475/form10k.htm,,,RESOLVED,,1
3358,COL,2015-04-14,2015-04-14T13:59:00-04:00,0001137411,2015-01-19,2015-01-23T23:59:59-05:00,132287306,dei:EntityCommonStockSharesOutstanding,10-Q,0001137411-15-000029,2015-01-23,85,A,https://data.sec.gov/api/xbrl/companyconcept/CIK0001137411/dei/EntityCommonStockSharesOutstanding.json#accn=0001137411-15-000029,,,RESOLVED,,1
3359,COLM,2015-04-14,2015-04-14T14:43:00-04:00,0001050797,2015-02-13,2015-02-26T23:59:59-05:00,69901076,sec_cover_page,10-K,0001050797-15-000002,2015-02-26,60,A,https://www.sec.gov/Archives/edgar/data/1050797/000105079715000002/colm-20141231x10k.htm,,,RESOLVED,,1
3360,CR,2015-04-14,2015-04-14T15:09:00-04:00,0000025445,2015-01-31,2015-02-25T23:59:59-05:00,58179987,sec_cover_page,10-K,0001628280-15-000998,2015-02-25,73,A,https://www.sec.gov/Archives/edgar/data/25445/000162828015000998/cr-20141231x10k.htm,,,RESOLVED,,1
3361,CREE,2015-04-14,2015-04-14T14:59:00-04:00,0000895419,2015-01-14,2015-01-21T23:59:59-05:00,111630099,dei:EntityCommonStockSharesOutstanding,10-Q,0000895419-15-000007,2015-01-21,90,A,https://data.sec.gov/api/xbrl/companyconcept/CIK0000895419/dei/EntityCommonStockSharesOutstanding.json#accn=0000895419-15-000007,,,RESOLVED,,1
3362,CSOD,2015-04-14,2015-04-14T14:59:00-04:00,0001401680,2015-02-20,2015-02-27T23:59:59-05:00,53882523,sec_cover_page,10-K,0001401680-15-000006,2015-02-27,53,A,https://www.sec.gov/Archives/edgar/data/1401680/000140168015000006/a10-k20141231.htm,,,RESOLVED,,1
3363,DYN,2015-04-14,2015-04-14T13:54:00-04:00,0001379895,2015-02-10,2015-02-25T23:59:59-05:00,124438722,sec_cover_page,10-K,0001379895-15-000005,2015-02-25,63,A,https://www.sec.gov/Archives/edgar/data/1379895/000137989515000005/dyn-20141231_10k.htm,,,RESOLVED,,1
3364,FLT,2015-04-14,2015-04-14T14:58:00-04:00,0001175454,2015-02-06,2015-03-02T23:59:59-05:00,91677376,sec_cover_page,10-K,0001193125-15-073581,2015-03-02,67,A,https://www.sec.gov/Archives/edgar/data/1175454/000119312515073581/d831300d10k.htm,,,RESOLVED,,1
3365,IDTI,2015-04-14,2015-04-14T15:10:00-04:00,0000703361,2015-01-31,2015-02-04T23:59:59-05:00,148288258,sec_cover_page,10-Q,0000703361-15-000006,2015-02-04,73,A,https://www.sec.gov/Archives/edgar/data/703361/000070336115000006/idti-12282014x10q.htm,,,RESOLVED,,1
3366,ILMN,2015-04-14,2015-04-14T14:18:00-04:00,0001110803,2015-01-30,2015-02-18T23:59:59-05:00,143800000,dei:EntityCommonStockSharesOutstanding,10-K,0001110803-15-000064,2015-02-18,74,A,https://data.sec.gov/api/xbrl/companyconcept/CIK0001110803/dei/EntityCommonStockSharesOutstanding.json#accn=0001110803-15-000064,,,RESOLVED,,1
3367,INT,2015-04-14,2015-04-14T15:10:00-04:00,0000789460,2015-02-05,2015-02-12T23:59:59-05:00,72091000,sec_cover_page,10-K,0001558370-15-000073,2015-02-12,68,B,https://www.sec.gov/Archives/edgar/data/789460/000155837015000073/int-20141231x10k.htm,,,RESOLVED,,1
3368,MAT,2015-04-14,2015-04-14T14:09:00-04:00,0000063276,2015-02-13,2015-02-25T23:59:59-05:00,338254021,dei:EntityCommonStockSharesOutstanding,10-K,0001193125-15-062193,2015-02-25,60,A,https://data.sec.gov/api/xbrl/companyconcept/CIK0000063276/dei/EntityCommonStockSharesOutstanding.json#accn=0001193125-15-062193,,,RESOLVED,,1
3369,MDU,2015-04-14,2015-04-14T15:27:00-04:00,0000067716,2015-02-13,2015-02-20T23:59:59-05:00,194420095,sec_cover_page,10-K,0000067716-15-000027,2015-02-20,60,A,https://www.sec.gov/Archives/edgar/data/67716/000006771615000027/mdu-12312014form10xk.htm,,,RESOLVED,,1
3370,NATI,2015-04-14,2015-04-14T13:29:00-04:00,0000935494,2015-02-17,2015-02-19T23:59:59-05:00,128137405,sec_cover_page,10-K,0000935494-15-000007,2015-02-19,56,A,https://www.sec.gov/Archives/edgar/data/935494/000093549415000007/nati-20141231x10k.htm,,,RESOLVED,,1
3371,NOW,2015-04-14,2015-04-14T14:03:00-04:00,0001373715,2015-01-31,2015-02-27T23:59:59-05:00,150500000,dei:EntityCommonStockSharesOutstanding,10-K,0001373715-15-000067,2015-02-27,73,A,https://data.sec.gov/api/xbrl/companyconcept/CIK0001373715/dei/EntityCommonStockSharesOutstanding.json#accn=0001373715-15-000067,,,RESOLVED,,1
3372,OSK,2015-04-14,2015-04-14T14:59:00-04:00,0000775158,2015-01-20,2015-01-27T23:59:59-05:00,78140407,sec_cover_page,10-Q,0000775158-15-000002,2015-01-27,84,A,https://www.sec.gov/Archives/edgar/data/775158/000077515815000002/osk10q123114.htm,,,RESOLVED,,1
3373,PBI,2015-04-14,2015-04-14T14:17:00-04:00,0000078814,2015-02-12,2015-02-20T23:59:59-05:00,201622001,sec_cover_page,10-K,0000078814-15-000006,2015-02-20,61,A,https://www.sec.gov/Archives/edgar/data/78814/000007881415000006/pbi2014123110k.htm,,,RESOLVED,,1
3374,POWI,2015-04-14,2015-04-14T14:53:00-04:00,0000833640,2015-01-30,2015-02-10T23:59:59-05:00,29331133,sec_cover_page,10-K,0000833640-15-000060,2015-02-10,74,A,https://www.sec.gov/Archives/edgar/data/833640/000083364015000060/powi-2014123110k.htm,,,RESOLVED,,1
3375,PRU,2015-04-14,2015-04-14T15:17:00-04:00,0001137774,2015-01-31,2015-02-20T23:59:59-05:00,454000000,sec_cover_page,10-K,0001193125-15-056366,2015-02-20,73,B,https://www.sec.gov/Archives/edgar/data/1137774/000119312515056366/d864090d10k.htm,,,RESOLVED,,1
3376,ROG,2015-04-14,2015-04-14T14:59:00-04:00,0000084748,2015-02-04,2015-02-18T23:59:59-05:00,18415753,sec_cover_page,10-K,0000084748-15-000003,2015-02-18,69,A,https://www.sec.gov/Archives/edgar/data/84748/000008474815000003/rog-20141231x10k.htm,,,RESOLVED,,1
3377,ROVI,2015-04-14,2015-04-14T14:18:00-04:00,0001424454,2015-02-13,2015-02-19T23:59:59-05:00,91939167,sec_cover_page,10-K,0001424454-15-000010,2015-02-19,60,A,https://www.sec.gov/Archives/edgar/data/1424454/000142445415000010/rovi12311410k.htm,,,RESOLVED,,1
3378,SGEN,2015-04-14,2015-04-14T13:48:00-04:00,0001060736,2015-02-23,2015-02-27T23:59:59-05:00,124318682,sec_cover_page,10-K,0001193125-15-069861,2015-02-27,50,A,https://www.sec.gov/Archives/edgar/data/1060736/000119312515069861/d823767d10k.htm,,,RESOLVED,,1
3379,SKX,2015-04-14,2015-04-14T14:54:00-04:00,0001065837,2015-02-17,2015-02-27T23:59:59-05:00,52021294,sec_cover_page,10-K,0001193125-15-068511,2015-02-27,56,A,https://www.sec.gov/Archives/edgar/data/1065837/000119312515068511/d846076d10k.htm,,,RESOLVED,,1
3380,SM,2015-04-14,2015-04-14T14:38:00-04:00,0000893538,2015-02-18,2015-02-25T23:59:59-05:00,67463060,sec_cover_page,10-K,0000893538-15-000011,2015-02-25,55,A,https://www.sec.gov/Archives/edgar/data/893538/000089353815000011/sm-20141231x10k.htm,,,RESOLVED,,1
3381,THC,2015-04-14,2015-04-14T15:18:00-04:00,0000070318,2015-01-30,2015-02-23T23:59:59-05:00,98494212,dei:EntityCommonStockSharesOutstanding,10-K,0001558370-15-000132,2015-02-23,74,A,https://data.sec.gov/api/xbrl/companyconcept/CIK0000070318/dei/EntityCommonStockSharesOutstanding.json#accn=0001558370-15-000132,,,RESOLVED,,1
3382,TW,2015-04-14,2015-04-14T15:17:00-04:00,0001470215,2015-01-30,2015-02-05T23:59:59-05:00,69568719,sec_cover_page,10-Q,0001470215-15-000003,2015-02-05,74,A,https://www.sec.gov/Archives/edgar/data/1470215/000147021515000003/tw-20141231x10q.htm,,,RESOLVED,,1
3383,TXT,2015-04-14,2015-04-14T15:04:00-04:00,0000217346,2015-02-07,2015-02-25T23:59:59-05:00,276834630,sec_cover_page,10-K,0001104659-15-013784,2015-02-25,66,A,https://www.sec.gov/Archives/edgar/data/217346/000110465915013784/a14-26298_110k.htm,,,RESOLVED,,1
3384,ACHC,2015-04-15,2015-04-15T14:05:00-04:00,0001520697,2015-02-27,2015-02-27T23:59:59-05:00,66452931,sec_cover_page,10-K,0001193125-15-069793,2015-02-27,47,A,https://www.sec.gov/Archives/edgar/data/1520697/000119312515069793/d854534d10k.htm,,,RESOLVED,,1
3385,ALSN,2015-04-15,2015-04-15T14:47:00-04:00,0001411207,2015-02-05,2015-02-20T23:59:59-05:00,180053650,dei:EntityCommonStockSharesOutstanding,10-K,0001193125-15-055034,2015-02-20,69,A,https://data.sec.gov/api/xbrl/companyconcept/CIK0001411207/dei/EntityCommonStockSharesOutstanding.json#accn=0001193125-15-055034,,,RESOLVED,,1
3386,AMP,2015-04-15,2015-04-15T14:52:00-04:00,0000820027,2015-02-13,2015-02-24T23:59:59-05:00,182511452,dei:EntityCommonStockSharesOutstanding,10-K,0000820027-15-000024,2015-02-24,61,A,https://data.sec.gov/api/xbrl/companyconcept/CIK0000820027/dei/EntityCommonStockSharesOutstanding.json#accn=0000820027-15-000024,,,RESOLVED,,1
3387,BRKR,2015-04-15,2015-04-15T15:00:00-04:00,0001109354,2015-02-19,2015-02-27T23:59:59-05:00,168559338,sec_cover_page,10-K,0001047469-15-001394,2015-02-27,55,A,https://www.sec.gov/Archives/edgar/data/1109354/000104746915001394/a2223291z10-k.htm,,,RESOLVED,,1
3388,CACI,2015-04-15,2015-04-15T14:24:00-04:00,0000016058,2015-01-26,2015-01-30T23:59:59-05:00,24162793,sec_cover_page,10-Q,0001193125-15-027286,2015-01-30,79,A,https://www.sec.gov/Archives/edgar/data/16058/000119312515027286/d858591d10q.htm,,,RESOLVED,,1
3389,CAKE,2015-04-15,2015-04-15T13:52:00-04:00,0000887596,2015-02-16,2015-03-02T23:59:59-05:00,49951875,dei:EntityCommonStockSharesOutstanding,10-K,0001104659-15-015350,2015-03-02,58,A,https://data.sec.gov/api/xbrl/companyconcept/CIK0000887596/dei/EntityCommonStockSharesOutstanding.json#accn=0001104659-15-015350,,,RESOLVED,,1
3390,CBT,2015-04-15,2015-04-15T13:03:00-04:00,0000016040,2015-02-03,2015-02-05T23:59:59-05:00,63717924,sec_cover_page,10-Q,0001193125-15-035405,2015-02-05,71,A,https://www.sec.gov/Archives/edgar/data/16040/000119312515035405/d850813d10q.htm,,,RESOLVED,,1
3391,CGNX,2015-04-15,2015-04-15T14:39:00-04:00,0000851205,2015-02-01,2015-02-12T23:59:59-05:00,86544015,dei:EntityCommonStockSharesOutstanding,10-K,0000851205-15-000003,2015-02-12,73,A,https://data.sec.gov/api/xbrl/companyconcept/CIK0000851205/dei/EntityCommonStockSharesOutstanding.json#accn=0000851205-15-000003,,,RESOLVED,,1
3392,CLD,2015-04-15,2015-04-15T15:03:00-04:00,0001441849,2015-02-11,2015-02-18T23:59:59-05:00,61021242,sec_cover_page,10-K,0001104659-15-011392,2015-02-18,63,A,https://www.sec.gov/Archives/edgar/data/1441849/000110465915011392/a15-1789_110k.htm,,,RESOLVED,,1
3393,CMP,2015-04-15,2015-04-15T15:16:00-04:00,0001227654,2015-02-19,2015-02-23T23:59:59-05:00,33615517,sec_cover_page,10-K,0001140361-15-008475,2015-02-23,55,A,https://www.sec.gov/Archives/edgar/data/1227654/000114036115008475/form10k.htm,,,RESOLVED,,1
3394,COL,2015-04-15,2015-04-15T13:59:00-04:00,0001137411,2015-01-19,2015-01-23T23:59:59-05:00,132287306,dei:EntityCommonStockSharesOutstanding,10-Q,0001137411-15-000029,2015-01-23,86,A,https://data.sec.gov/api/xbrl/companyconcept/CIK0001137411/dei/EntityCommonStockSharesOutstanding.json#accn=0001137411-15-000029,,,RESOLVED,,1
3395,COLM,2015-04-15,2015-04-15T14:43:00-04:00,0001050797,2015-02-13,2015-02-26T23:59:59-05:00,69901076,sec_cover_page,10-K,0001050797-15-000002,2015-02-26,61,A,https://www.sec.gov/Archives/edgar/data/1050797/000105079715000002/colm-20141231x10k.htm,,,RESOLVED,,1
3396,CR,2015-04-15,2015-04-15T15:09:00-04:00,0000025445,2015-01-31,2015-02-25T23:59:59-05:00,58179987,sec_cover_page,10-K,0001628280-15-000998,2015-02-25,74,A,https://www.sec.gov/Archives/edgar/data/25445/000162828015000998/cr-20141231x10k.htm,,,RESOLVED,,1
3397,CREE,2015-04-15,2015-04-15T14:59:00-04:00,0000895419,2015-01-14,2015-01-21T23:59:59-05:00,111630099,dei:EntityCommonStockSharesOutstanding,10-Q,0000895419-15-000007,2015-01-21,91,A,https://data.sec.gov/api/xbrl/companyconcept/CIK0000895419/dei/EntityCommonStockSharesOutstanding.json#accn=0000895419-15-000007,,,RESOLVED,,1
3398,CSOD,2015-04-15,2015-04-15T14:59:00-04:00,0001401680,2015-02-20,2015-02-27T23:59:59-05:00,53882523,sec_cover_page,10-K,0001401680-15-000006,2015-02-27,54,A,https://www.sec.gov/Archives/edgar/data/1401680/000140168015000006/a10-k20141231.htm,,,RESOLVED,,1
3399,DYN,2015-04-15,2015-04-15T13:54:00-04:00,0001379895,2015-02-10,2015-02-25T23:59:59-05:00,124438722,sec_cover_page,10-K,0001379895-15-000005,2015-02-25,64,A,https://www.sec.gov/Archives/edgar/data/1379895/000137989515000005/dyn-20141231_10k.htm,,,RESOLVED,,1
3400,FLT,2015-04-15,2015-04-15T14:58:00-04:00,0001175454,2015-02-06,2015-03-02T23:59:59-05:00,91677376,sec_cover_page,10-K,0001193125-15-073581,2015-03-02,68,A,https://www.sec.gov/Archives/edgar/data/1175454/000119312515073581/d831300d10k.htm,,,RESOLVED,,1
3401,IDTI,2015-04-15,2015-04-15T15:10:00-04:00,0000703361,2015-01-31,2015-02-04T23:59:59-05:00,148288258,sec_cover_page,10-Q,0000703361-15-000006,2015-02-04,74,A,https://www.sec.gov/Archives/edgar/data/703361/000070336115000006/idti-12282014x10q.htm,,,RESOLVED,,1
3402,ILMN,2015-04-15,2015-04-15T14:18:00-04:00,0001110803,2015-01-30,2015-02-18T23:59:59-05:00,143800000,dei:EntityCommonStockSharesOutstanding,10-K,0001110803-15-000064,2015-02-18,75,A,https://data.sec.gov/api/xbrl/companyconcept/CIK0001110803/dei/EntityCommonStockSharesOutstanding.json#accn=0001110803-15-000064,,,RESOLVED,,1
3403,INT,2015-04-15,2015-04-15T15:10:00-04:00,0000789460,2015-02-05,2015-02-12T23:59:59-05:00,72091000,sec_cover_page,10-K,0001558370-15-000073,2015-02-12,69,B,https://www.sec.gov/Archives/edgar/data/789460/000155837015000073/int-20141231x10k.htm,,,RESOLVED,,1
3404,MAT,2015-04-15,2015-04-15T14:09:00-04:00,0000063276,2015-02-13,2015-02-25T23:59:59-05:00,338254021,dei:EntityCommonStockSharesOutstanding,10-K,0001193125-15-062193,2015-02-25,61,A,https://data.sec.gov/api/xbrl/companyconcept/CIK0000063276/dei/EntityCommonStockSharesOutstanding.json#accn=0001193125-15-062193,,,RESOLVED,,1
3405,MDU,2015-04-15,2015-04-15T15:27:00-04:00,0000067716,2015-02-13,2015-02-20T23:59:59-05:00,194420095,sec_cover_page,10-K,0000067716-15-000027,2015-02-20,61,A,https://www.sec.gov/Archives/edgar/data/67716/000006771615000027/mdu-12312014form10xk.htm,,,RESOLVED,,1
3406,NATI,2015-04-15,2015-04-15T13:29:00-04:00,0000935494,2015-02-17,2015-02-19T23:59:59-05:00,128137405,sec_cover_page,10-K,0000935494-15-000007,2015-02-19,57,A,https://www.sec.gov/Archives/edgar/data/935494/000093549415000007/nati-20141231x10k.htm,,,RESOLVED,,1
3407,NOW,2015-04-15,2015-04-15T14:03:00-04:00,0001373715,2015-01-31,2015-02-27T23:59:59-05:00,150500000,dei:EntityCommonStockSharesOutstanding,10-K,0001373715-15-000067,2015-02-27,74,A,https://data.sec.gov/api/xbrl/companyconcept/CIK0001373715/dei/EntityCommonStockSharesOutstanding.json#accn=0001373715-15-000067,,,RESOLVED,,1
3408,OSK,2015-04-15,2015-04-15T14:59:00-04:00,0000775158,2015-01-20,2015-01-27T23:59:59-05:00,78140407,sec_cover_page,10-Q,0000775158-15-000002,2015-01-27,85,A,https://www.sec.gov/Archives/edgar/data/775158/000077515815000002/osk10q123114.htm,,,RESOLVED,,1
3409,PBI,2015-04-15,2015-04-15T14:17:00-04:00,0000078814,2015-02-12,2015-02-20T23:59:59-05:00,201622001,sec_cover_page,10-K,0000078814-15-000006,2015-02-20,62,A,https://www.sec.gov/Archives/edgar/data/78814/000007881415000006/pbi2014123110k.htm,,,RESOLVED,,1
3410,POWI,2015-04-15,2015-04-15T14:53:00-04:00,0000833640,2015-01-30,2015-02-10T23:59:59-05:00,29331133,sec_cover_page,10-K,0000833640-15-000060,2015-02-10,75,A,https://www.sec.gov/Archives/edgar/data/833640/000083364015000060/powi-2014123110k.htm,,,RESOLVED,,1
3411,PRU,2015-04-15,2015-04-15T15:17:00-04:00,0001137774,2015-01-31,2015-02-20T23:59:59-05:00,454000000,sec_cover_page,10-K,0001193125-15-056366,2015-02-20,74,B,https://www.sec.gov/Archives/edgar/data/1137774/000119312515056366/d864090d10k.htm,,,RESOLVED,,1
3412,ROG,2015-04-15,2015-04-15T14:59:00-04:00,0000084748,2015-02-04,2015-02-18T23:59:59-05:00,18415753,sec_cover_page,10-K,0000084748-15-000003,2015-02-18,70,A,https://www.sec.gov/Archives/edgar/data/84748/000008474815000003/rog-20141231x10k.htm,,,RESOLVED,,1
3413,ROVI,2015-04-15,2015-04-15T14:18:00-04:00,0001424454,2015-02-13,2015-02-19T23:59:59-05:00,91939167,sec_cover_page,10-K,0001424454-15-000010,2015-02-19,61,A,https://www.sec.gov/Archives/edgar/data/1424454/000142445415000010/rovi12311410k.htm,,,RESOLVED,,1
3414,SGEN,2015-04-15,2015-04-15T13:48:00-04:00,0001060736,2015-02-23,2015-02-27T23:59:59-05:00,124318682,sec_cover_page,10-K,0001193125-15-069861,2015-02-27,51,A,https://www.sec.gov/Archives/edgar/data/1060736/000119312515069861/d823767d10k.htm,,,RESOLVED,,1
3415,SKX,2015-04-15,2015-04-15T14:54:00-04:00,0001065837,2015-02-17,2015-02-27T23:59:59-05:00,52021294,sec_cover_page,10-K,0001193125-15-068511,2015-02-27,57,A,https://www.sec.gov/Archives/edgar/data/1065837/000119312515068511/d846076d10k.htm,,,RESOLVED,,1
3416,SM,2015-04-15,2015-04-15T14:38:00-04:00,0000893538,2015-02-18,2015-02-25T23:59:59-05:00,67463060,sec_cover_page,10-K,0000893538-15-000011,2015-02-25,56,A,https://www.sec.gov/Archives/edgar/data/893538/000089353815000011/sm-20141231x10k.htm,,,RESOLVED,,1
3417,THC,2015-04-15,2015-04-15T15:18:00-04:00,0000070318,2015-01-30,2015-02-23T23:59:59-05:00,98494212,dei:EntityCommonStockSharesOutstanding,10-K,0001558370-15-000132,2015-02-23,75,A,https://data.sec.gov/api/xbrl/companyconcept/CIK0000070318/dei/EntityCommonStockSharesOutstanding.json#accn=0001558370-15-000132,,,RESOLVED,,1
3418,TW,2015-04-15,2015-04-15T15:17:00-04:00,0001470215,2015-01-30,2015-02-05T23:59:59-05:00,69568719,sec_cover_page,10-Q,0001470215-15-000003,2015-02-05,75,A,https://www.sec.gov/Archives/edgar/data/1470215/000147021515000003/tw-20141231x10q.htm,,,RESOLVED,,1
3419,TXT,2015-04-15,2015-04-15T15:04:00-04:00,0000217346,2015-02-07,2015-02-25T23:59:59-05:00,276834630,sec_cover_page,10-K,0001104659-15-013784,2015-02-25,67,A,https://www.sec.gov/Archives/edgar/data/217346/000110465915013784/a14-26298_110k.htm,,,RESOLVED,,1
3420,ACHC,2015-04-16,2015-04-16T14:05:00-04:00,0001520697,2015-02-27,2015-02-27T23:59:59-05:00,66452931,sec_cover_page,10-K,0001193125-15-069793,2015-02-27,48,A,https://www.sec.gov/Archives/edgar/data/1520697/000119312515069793/d854534d10k.htm,,,RESOLVED,,1
3421,ALSN,2015-04-16,2015-04-16T14:47:00-04:00,0001411207,2015-02-05,2015-02-20T23:59:59-05:00,180053650,dei:EntityCommonStockSharesOutstanding,10-K,0001193125-15-055034,2015-02-20,70,A,https://data.sec.gov/api/xbrl/companyconcept/CIK0001411207/dei/EntityCommonStockSharesOutstanding.json#accn=0001193125-15-055034,,,RESOLVED,,1
3422,AMP,2015-04-16,2015-04-16T14:52:00-04:00,0000820027,2015-02-13,2015-02-24T23:59:59-05:00,182511452,dei:EntityCommonStockSharesOutstanding,10-K,0000820027-15-000024,2015-02-24,62,A,https://data.sec.gov/api/xbrl/companyconcept/CIK0000820027/dei/EntityCommonStockSharesOutstanding.json#accn=0000820027-15-000024,,,RESOLVED,,1
3423,BRKR,2015-04-16,2015-04-16T15:00:00-04:00,0001109354,2015-02-19,2015-02-27T23:59:59-05:00,168559338,sec_cover_page,10-K,0001047469-15-001394,2015-02-27,56,A,https://www.sec.gov/Archives/edgar/data/1109354/000104746915001394/a2223291z10-k.htm,,,RESOLVED,,1
3424,CACI,2015-04-16,2015-04-16T14:24:00-04:00,0000016058,2015-01-26,2015-01-30T23:59:59-05:00,24162793,sec_cover_page,10-Q,0001193125-15-027286,2015-01-30,80,A,https://www.sec.gov/Archives/edgar/data/16058/000119312515027286/d858591d10q.htm,,,RESOLVED,,1
3425,CAKE,2015-04-16,2015-04-16T13:52:00-04:00,0000887596,2015-02-16,2015-03-02T23:59:59-05:00,49951875,dei:EntityCommonStockSharesOutstanding,10-K,0001104659-15-015350,2015-03-02,59,A,https://data.sec.gov/api/xbrl/companyconcept/CIK0000887596/dei/EntityCommonStockSharesOutstanding.json#accn=0001104659-15-015350,,,RESOLVED,,1
3426,CBT,2015-04-16,2015-04-16T13:03:00-04:00,0000016040,2015-02-03,2015-02-05T23:59:59-05:00,63717924,sec_cover_page,10-Q,0001193125-15-035405,2015-02-05,72,A,https://www.sec.gov/Archives/edgar/data/16040/000119312515035405/d850813d10q.htm,,,RESOLVED,,1
3427,CGNX,2015-04-16,2015-04-16T14:39:00-04:00,0000851205,2015-02-01,2015-02-12T23:59:59-05:00,86544015,dei:EntityCommonStockSharesOutstanding,10-K,0000851205-15-000003,2015-02-12,74,A,https://data.sec.gov/api/xbrl/companyconcept/CIK0000851205/dei/EntityCommonStockSharesOutstanding.json#accn=0000851205-15-000003,,,RESOLVED,,1
3428,CLD,2015-04-16,2015-04-16T15:03:00-04:00,0001441849,2015-02-11,2015-02-18T23:59:59-05:00,61021242,sec_cover_page,10-K,0001104659-15-011392,2015-02-18,64,A,https://www.sec.gov/Archives/edgar/data/1441849/000110465915011392/a15-1789_110k.htm,,,RESOLVED,,1
3429,CMP,2015-04-16,2015-04-16T15:16:00-04:00,0001227654,2015-02-19,2015-02-23T23:59:59-05:00,33615517,sec_cover_page,10-K,0001140361-15-008475,2015-02-23,56,A,https://www.sec.gov/Archives/edgar/data/1227654/000114036115008475/form10k.htm,,,RESOLVED,,1
3430,COL,2015-04-16,2015-04-16T13:59:00-04:00,0001137411,2015-01-19,2015-01-23T23:59:59-05:00,132287306,dei:EntityCommonStockSharesOutstanding,10-Q,0001137411-15-000029,2015-01-23,87,A,https://data.sec.gov/api/xbrl/companyconcept/CIK0001137411/dei/EntityCommonStockSharesOutstanding.json#accn=0001137411-15-000029,,,RESOLVED,,1
3431,COLM,2015-04-16,2015-04-16T14:43:00-04:00,0001050797,2015-02-13,2015-02-26T23:59:59-05:00,69901076,sec_cover_page,10-K,0001050797-15-000002,2015-02-26,62,A,https://www.sec.gov/Archives/edgar/data/1050797/000105079715000002/colm-20141231x10k.htm,,,RESOLVED,,1
3432,CR,2015-04-16,2015-04-16T15:09:00-04:00,0000025445,2015-01-31,2015-02-25T23:59:59-05:00,58179987,sec_cover_page,10-K,0001628280-15-000998,2015-02-25,75,A,https://www.sec.gov/Archives/edgar/data/25445/000162828015000998/cr-20141231x10k.htm,,,RESOLVED,,1
3433,CREE,2015-04-16,2015-04-16T14:59:00-04:00,0000895419,2015-01-14,2015-01-21T23:59:59-05:00,111630099,dei:EntityCommonStockSharesOutstanding,10-Q,0000895419-15-000007,2015-01-21,92,A,https://data.sec.gov/api/xbrl/companyconcept/CIK0000895419/dei/EntityCommonStockSharesOutstanding.json#accn=0000895419-15-000007,,,RESOLVED,,1
3434,CSOD,2015-04-16,2015-04-16T14:59:00-04:00,0001401680,2015-02-20,2015-02-27T23:59:59-05:00,53882523,sec_cover_page,10-K,0001401680-15-000006,2015-02-27,55,A,https://www.sec.gov/Archives/edgar/data/1401680/000140168015000006/a10-k20141231.htm,,,RESOLVED,,1
3435,DYN,2015-04-16,2015-04-16T13:54:00-04:00,0001379895,2015-02-10,2015-02-25T23:59:59-05:00,124438722,sec_cover_page,10-K,0001379895-15-000005,2015-02-25,65,A,https://www.sec.gov/Archives/edgar/data/1379895/000137989515000005/dyn-20141231_10k.htm,,,RESOLVED,,1
3436,FLT,2015-04-16,2015-04-16T14:58:00-04:00,0001175454,2015-02-06,2015-03-02T23:59:59-05:00,91677376,sec_cover_page,10-K,0001193125-15-073581,2015-03-02,69,A,https://www.sec.gov/Archives/edgar/data/1175454/000119312515073581/d831300d10k.htm,,,RESOLVED,,1
3437,IDTI,2015-04-16,2015-04-16T15:10:00-04:00,0000703361,2015-01-31,2015-02-04T23:59:59-05:00,148288258,sec_cover_page,10-Q,0000703361-15-000006,2015-02-04,75,A,https://www.sec.gov/Archives/edgar/data/703361/000070336115000006/idti-12282014x10q.htm,,,RESOLVED,,1
3438,ILMN,2015-04-16,2015-04-16T14:18:00-04:00,0001110803,2015-01-30,2015-02-18T23:59:59-05:00,143800000,dei:EntityCommonStockSharesOutstanding,10-K,0001110803-15-000064,2015-02-18,76,A,https://data.sec.gov/api/xbrl/companyconcept/CIK0001110803/dei/EntityCommonStockSharesOutstanding.json#accn=0001110803-15-000064,,,RESOLVED,,1
3439,INT,2015-04-16,2015-04-16T15:10:00-04:00,0000789460,2015-02-05,2015-02-12T23:59:59-05:00,72091000,sec_cover_page,10-K,0001558370-15-000073,2015-02-12,70,B,https://www.sec.gov/Archives/edgar/data/789460/000155837015000073/int-20141231x10k.htm,,,RESOLVED,,1
3440,MAT,2015-04-16,2015-04-16T14:09:00-04:00,0000063276,2015-02-13,2015-02-25T23:59:59-05:00,338254021,dei:EntityCommonStockSharesOutstanding,10-K,0001193125-15-062193,2015-02-25,62,A,https://data.sec.gov/api/xbrl/companyconcept/CIK0000063276/dei/EntityCommonStockSharesOutstanding.json#accn=0001193125-15-062193,,,RESOLVED,,1
3441,MDU,2015-04-16,2015-04-16T15:27:00-04:00,0000067716,2015-02-13,2015-02-20T23:59:59-05:00,194420095,sec_cover_page,10-K,0000067716-15-000027,2015-02-20,62,A,https://www.sec.gov/Archives/edgar/data/67716/000006771615000027/mdu-12312014form10xk.htm,,,RESOLVED,,1
3442,NATI,2015-04-16,2015-04-16T13:29:00-04:00,0000935494,2015-02-17,2015-02-19T23:59:59-05:00,128137405,sec_cover_page,10-K,0000935494-15-000007,2015-02-19,58,A,https://www.sec.gov/Archives/edgar/data/935494/000093549415000007/nati-20141231x10k.htm,,,RESOLVED,,1
3443,NOW,2015-04-16,2015-04-16T14:03:00-04:00,0001373715,2015-01-31,2015-02-27T23:59:59-05:00,150500000,dei:EntityCommonStockSharesOutstanding,10-K,0001373715-15-000067,2015-02-27,75,A,https://data.sec.gov/api/xbrl/companyconcept/CIK0001373715/dei/EntityCommonStockSharesOutstanding.json#accn=0001373715-15-000067,,,RESOLVED,,1
3444,OSK,2015-04-16,2015-04-16T14:59:00-04:00,0000775158,2015-01-20,2015-01-27T23:59:59-05:00,78140407,sec_cover_page,10-Q,0000775158-15-000002,2015-01-27,86,A,https://www.sec.gov/Archives/edgar/data/775158/000077515815000002/osk10q123114.htm,,,RESOLVED,,1
3445,PBI,2015-04-16,2015-04-16T14:17:00-04:00,0000078814,2015-02-12,2015-02-20T23:59:59-05:00,201622001,sec_cover_page,10-K,0000078814-15-000006,2015-02-20,63,A,https://www.sec.gov/Archives/edgar/data/78814/000007881415000006/pbi2014123110k.htm,,,RESOLVED,,1
3446,POWI,2015-04-16,2015-04-16T14:53:00-04:00,0000833640,2015-01-30,2015-02-10T23:59:59-05:00,29331133,sec_cover_page,10-K,0000833640-15-000060,2015-02-10,76,A,https://www.sec.gov/Archives/edgar/data/833640/000083364015000060/powi-2014123110k.htm,,,RESOLVED,,1
3447,PRU,2015-04-16,2015-04-16T15:17:00-04:00,0001137774,2015-01-31,2015-02-20T23:59:59-05:00,454000000,sec_cover_page,10-K,0001193125-15-056366,2015-02-20,75,B,https://www.sec.gov/Archives/edgar/data/1137774/000119312515056366/d864090d10k.htm,,,RESOLVED,,1
3448,ROG,2015-04-16,2015-04-16T14:59:00-04:00,0000084748,2015-02-04,2015-02-18T23:59:59-05:00,18415753,sec_cover_page,10-K,0000084748-15-000003,2015-02-18,71,A,https://www.sec.gov/Archives/edgar/data/84748/000008474815000003/rog-20141231x10k.htm,,,RESOLVED,,1
3449,ROVI,2015-04-16,2015-04-16T14:18:00-04:00,0001424454,2015-02-13,2015-02-19T23:59:59-05:00,91939167,sec_cover_page,10-K,0001424454-15-000010,2015-02-19,62,A,https://www.sec.gov/Archives/edgar/data/1424454/000142445415000010/rovi12311410k.htm,,,RESOLVED,,1
3450,SGEN,2015-04-16,2015-04-16T13:48:00-04:00,0001060736,2015-02-23,2015-02-27T23:59:59-05:00,124318682,sec_cover_page,10-K,0001193125-15-069861,2015-02-27,52,A,https://www.sec.gov/Archives/edgar/data/1060736/000119312515069861/d823767d10k.htm,,,RESOLVED,,1
3451,SKX,2015-04-16,2015-04-16T14:54:00-04:00,0001065837,2015-02-17,2015-02-27T23:59:59-05:00,52021294,sec_cover_page,10-K,0001193125-15-068511,2015-02-27,58,A,https://www.sec.gov/Archives/edgar/data/1065837/000119312515068511/d846076d10k.htm,,,RESOLVED,,1
3452,SM,2015-04-16,2015-04-16T14:38:00-04:00,0000893538,2015-02-18,2015-02-25T23:59:59-05:00,67463060,sec_cover_page,10-K,0000893538-15-000011,2015-02-25,57,A,https://www.sec.gov/Archives/edgar/data/893538/000089353815000011/sm-20141231x10k.htm,,,RESOLVED,,1
3453,THC,2015-04-16,2015-04-16T15:18:00-04:00,0000070318,2015-01-30,2015-02-23T23:59:59-05:00,98494212,dei:EntityCommonStockSharesOutstanding,10-K,0001558370-15-000132,2015-02-23,76,A,https://data.sec.gov/api/xbrl/companyconcept/CIK0000070318/dei/EntityCommonStockSharesOutstanding.json#accn=0001558370-15-000132,,,RESOLVED,,1
3454,TW,2015-04-16,2015-04-16T15:17:00-04:00,0001470215,2015-01-30,2015-02-05T23:59:59-05:00,69568719,sec_cover_page,10-Q,0001470215-15-000003,2015-02-05,76,A,https://www.sec.gov/Archives/edgar/data/1470215/000147021515000003/tw-20141231x10q.htm,,,RESOLVED,,1
3455,TXT,2015-04-16,2015-04-16T15:04:00-04:00,0000217346,2015-02-07,2015-02-25T23:59:59-05:00,276834630,sec_cover_page,10-K,0001104659-15-013784,2015-02-25,68,A,https://www.sec.gov/Archives/edgar/data/217346/000110465915013784/a14-26298_110k.htm,,,RESOLVED,,1
3456,ACHC,2015-04-17,2015-04-17T14:05:00-04:00,0001520697,2015-02-27,2015-02-27T23:59:59-05:00,66452931,sec_cover_page,10-K,0001193125-15-069793,2015-02-27,49,A,https://www.sec.gov/Archives/edgar/data/1520697/000119312515069793/d854534d10k.htm,,,RESOLVED,,1
3457,ALSN,2015-04-17,2015-04-17T14:47:00-04:00,0001411207,2015-02-05,2015-02-20T23:59:59-05:00,180053650,dei:EntityCommonStockSharesOutstanding,10-K,0001193125-15-055034,2015-02-20,71,A,https://data.sec.gov/api/xbrl/companyconcept/CIK0001411207/dei/EntityCommonStockSharesOutstanding.json#accn=0001193125-15-055034,,,RESOLVED,,1
3458,AMP,2015-04-17,2015-04-17T14:52:00-04:00,0000820027,2015-02-13,2015-02-24T23:59:59-05:00,182511452,dei:EntityCommonStockSharesOutstanding,10-K,0000820027-15-000024,2015-02-24,63,A,https://data.sec.gov/api/xbrl/companyconcept/CIK0000820027/dei/EntityCommonStockSharesOutstanding.json#accn=0000820027-15-000024,,,RESOLVED,,1
3459,BRKR,2015-04-17,2015-04-17T15:00:00-04:00,0001109354,2015-02-19,2015-02-27T23:59:59-05:00,168559338,sec_cover_page,10-K,0001047469-15-001394,2015-02-27,57,A,https://www.sec.gov/Archives/edgar/data/1109354/000104746915001394/a2223291z10-k.htm,,,RESOLVED,,1
3460,CACI,2015-04-17,2015-04-17T14:24:00-04:00,0000016058,2015-01-26,2015-01-30T23:59:59-05:00,24162793,sec_cover_page,10-Q,0001193125-15-027286,2015-01-30,81,A,https://www.sec.gov/Archives/edgar/data/16058/000119312515027286/d858591d10q.htm,,,RESOLVED,,1
3461,CAKE,2015-04-17,2015-04-17T13:52:00-04:00,0000887596,2015-02-16,2015-03-02T23:59:59-05:00,49951875,dei:EntityCommonStockSharesOutstanding,10-K,0001104659-15-015350,2015-03-02,60,A,https://data.sec.gov/api/xbrl/companyconcept/CIK0000887596/dei/EntityCommonStockSharesOutstanding.json#accn=0001104659-15-015350,,,RESOLVED,,1
3462,CBT,2015-04-17,2015-04-17T13:03:00-04:00,0000016040,2015-02-03,2015-02-05T23:59:59-05:00,63717924,sec_cover_page,10-Q,0001193125-15-035405,2015-02-05,73,A,https://www.sec.gov/Archives/edgar/data/16040/000119312515035405/d850813d10q.htm,,,RESOLVED,,1
3463,CGNX,2015-04-17,2015-04-17T14:39:00-04:00,0000851205,2015-02-01,2015-02-12T23:59:59-05:00,86544015,dei:EntityCommonStockSharesOutstanding,10-K,0000851205-15-000003,2015-02-12,75,A,https://data.sec.gov/api/xbrl/companyconcept/CIK0000851205/dei/EntityCommonStockSharesOutstanding.json#accn=0000851205-15-000003,,,RESOLVED,,1
3464,CLD,2015-04-17,2015-04-17T15:03:00-04:00,0001441849,2015-02-11,2015-02-18T23:59:59-05:00,61021242,sec_cover_page,10-K,0001104659-15-011392,2015-02-18,65,A,https://www.sec.gov/Archives/edgar/data/1441849/000110465915011392/a15-1789_110k.htm,,,RESOLVED,,1
3465,CMP,2015-04-17,2015-04-17T15:16:00-04:00,0001227654,2015-02-19,2015-02-23T23:59:59-05:00,33615517,sec_cover_page,10-K,0001140361-15-008475,2015-02-23,57,A,https://www.sec.gov/Archives/edgar/data/1227654/000114036115008475/form10k.htm,,,RESOLVED,,1
3466,COL,2015-04-17,2015-04-17T13:59:00-04:00,0001137411,2015-01-19,2015-01-23T23:59:59-05:00,132287306,dei:EntityCommonStockSharesOutstanding,10-Q,0001137411-15-000029,2015-01-23,88,A,https://data.sec.gov/api/xbrl/companyconcept/CIK0001137411/dei/EntityCommonStockSharesOutstanding.json#accn=0001137411-15-000029,,,RESOLVED,,1
3467,COLM,2015-04-17,2015-04-17T14:43:00-04:00,0001050797,2015-02-13,2015-02-26T23:59:59-05:00,69901076,sec_cover_page,10-K,0001050797-15-000002,2015-02-26,63,A,https://www.sec.gov/Archives/edgar/data/1050797/000105079715000002/colm-20141231x10k.htm,,,RESOLVED,,1
3468,CR,2015-04-17,2015-04-17T15:09:00-04:00,0000025445,2015-01-31,2015-02-25T23:59:59-05:00,58179987,sec_cover_page,10-K,0001628280-15-000998,2015-02-25,76,A,https://www.sec.gov/Archives/edgar/data/25445/000162828015000998/cr-20141231x10k.htm,,,RESOLVED,,1
3469,CREE,2015-04-17,2015-04-17T14:59:00-04:00,0000895419,2015-01-14,2015-01-21T23:59:59-05:00,111630099,dei:EntityCommonStockSharesOutstanding,10-Q,0000895419-15-000007,2015-01-21,93,A,https://data.sec.gov/api/xbrl/companyconcept/CIK0000895419/dei/EntityCommonStockSharesOutstanding.json#accn=0000895419-15-000007,,,RESOLVED,,1
3470,CSOD,2015-04-17,2015-04-17T14:59:00-04:00,0001401680,2015-02-20,2015-02-27T23:59:59-05:00,53882523,sec_cover_page,10-K,0001401680-15-000006,2015-02-27,56,A,https://www.sec.gov/Archives/edgar/data/1401680/000140168015000006/a10-k20141231.htm,,,RESOLVED,,1
3471,DYN,2015-04-17,2015-04-17T13:54:00-04:00,0001379895,2015-02-10,2015-02-25T23:59:59-05:00,124438722,sec_cover_page,10-K,0001379895-15-000005,2015-02-25,66,A,https://www.sec.gov/Archives/edgar/data/1379895/000137989515000005/dyn-20141231_10k.htm,,,RESOLVED,,1
3472,FLT,2015-04-17,2015-04-17T14:58:00-04:00,0001175454,2015-02-06,2015-03-02T23:59:59-05:00,91677376,sec_cover_page,10-K,0001193125-15-073581,2015-03-02,70,A,https://www.sec.gov/Archives/edgar/data/1175454/000119312515073581/d831300d10k.htm,,,RESOLVED,,1
3473,IDTI,2015-04-17,2015-04-17T15:10:00-04:00,0000703361,2015-01-31,2015-02-04T23:59:59-05:00,148288258,sec_cover_page,10-Q,0000703361-15-000006,2015-02-04,76,A,https://www.sec.gov/Archives/edgar/data/703361/000070336115000006/idti-12282014x10q.htm,,,RESOLVED,,1
3474,ILMN,2015-04-17,2015-04-17T14:18:00-04:00,0001110803,2015-01-30,2015-02-18T23:59:59-05:00,143800000,dei:EntityCommonStockSharesOutstanding,10-K,0001110803-15-000064,2015-02-18,77,A,https://data.sec.gov/api/xbrl/companyconcept/CIK0001110803/dei/EntityCommonStockSharesOutstanding.json#accn=0001110803-15-000064,,,RESOLVED,,1
3475,INT,2015-04-17,2015-04-17T15:10:00-04:00,0000789460,2015-02-05,2015-02-12T23:59:59-05:00,72091000,sec_cover_page,10-K,0001558370-15-000073,2015-02-12,71,B,https://www.sec.gov/Archives/edgar/data/789460/000155837015000073/int-20141231x10k.htm,,,RESOLVED,,1
3476,MDU,2015-04-17,2015-04-17T15:27:00-04:00,0000067716,2015-02-13,2015-02-20T23:59:59-05:00,194420095,sec_cover_page,10-K,0000067716-15-000027,2015-02-20,63,A,https://www.sec.gov/Archives/edgar/data/67716/000006771615000027/mdu-12312014form10xk.htm,,,RESOLVED,,1
3477,NATI,2015-04-17,2015-04-17T13:29:00-04:00,0000935494,2015-02-17,2015-02-19T23:59:59-05:00,128137405,sec_cover_page,10-K,0000935494-15-000007,2015-02-19,59,A,https://www.sec.gov/Archives/edgar/data/935494/000093549415000007/nati-20141231x10k.htm,,,RESOLVED,,1
3478,OSK,2015-04-17,2015-04-17T14:59:00-04:00,0000775158,2015-01-20,2015-01-27T23:59:59-05:00,78140407,sec_cover_page,10-Q,0000775158-15-000002,2015-01-27,87,A,https://www.sec.gov/Archives/edgar/data/775158/000077515815000002/osk10q123114.htm,,,RESOLVED,,1
3479,PBI,2015-04-17,2015-04-17T14:17:00-04:00,0000078814,2015-02-12,2015-02-20T23:59:59-05:00,201622001,sec_cover_page,10-K,0000078814-15-000006,2015-02-20,64,A,https://www.sec.gov/Archives/edgar/data/78814/000007881415000006/pbi2014123110k.htm,,,RESOLVED,,1
3480,POWI,2015-04-17,2015-04-17T14:53:00-04:00,0000833640,2015-01-30,2015-02-10T23:59:59-05:00,29331133,sec_cover_page,10-K,0000833640-15-000060,2015-02-10,77,A,https://www.sec.gov/Archives/edgar/data/833640/000083364015000060/powi-2014123110k.htm,,,RESOLVED,,1
3481,PRU,2015-04-17,2015-04-17T15:17:00-04:00,0001137774,2015-01-31,2015-02-20T23:59:59-05:00,454000000,sec_cover_page,10-K,0001193125-15-056366,2015-02-20,76,B,https://www.sec.gov/Archives/edgar/data/1137774/000119312515056366/d864090d10k.htm,,,RESOLVED,,1
3482,ROG,2015-04-17,2015-04-17T14:59:00-04:00,0000084748,2015-02-04,2015-02-18T23:59:59-05:00,18415753,sec_cover_page,10-K,0000084748-15-000003,2015-02-18,72,A,https://www.sec.gov/Archives/edgar/data/84748/000008474815000003/rog-20141231x10k.htm,,,RESOLVED,,1
3483,ROVI,2015-04-17,2015-04-17T14:18:00-04:00,0001424454,2015-02-13,2015-02-19T23:59:59-05:00,91939167,sec_cover_page,10-K,0001424454-15-000010,2015-02-19,63,A,https://www.sec.gov/Archives/edgar/data/1424454/000142445415000010/rovi12311410k.htm,,,RESOLVED,,1
3484,SGEN,2015-04-17,2015-04-17T13:48:00-04:00,0001060736,2015-02-23,2015-02-27T23:59:59-05:00,124318682,sec_cover_page,10-K,0001193125-15-069861,2015-02-27,53,A,https://www.sec.gov/Archives/edgar/data/1060736/000119312515069861/d823767d10k.htm,,,RESOLVED,,1
3485,SKX,2015-04-17,2015-04-17T14:54:00-04:00,0001065837,2015-02-17,2015-02-27T23:59:59-05:00,52021294,sec_cover_page,10-K,0001193125-15-068511,2015-02-27,59,A,https://www.sec.gov/Archives/edgar/data/1065837/000119312515068511/d846076d10k.htm,,,RESOLVED,,1
3486,SM,2015-04-17,2015-04-17T14:38:00-04:00,0000893538,2015-02-18,2015-02-25T23:59:59-05:00,67463060,sec_cover_page,10-K,0000893538-15-000011,2015-02-25,58,A,https://www.sec.gov/Archives/edgar/data/893538/000089353815000011/sm-20141231x10k.htm,,,RESOLVED,,1
3487,THC,2015-04-17,2015-04-17T15:18:00-04:00,0000070318,2015-01-30,2015-02-23T23:59:59-05:00,98494212,dei:EntityCommonStockSharesOutstanding,10-K,0001558370-15-000132,2015-02-23,77,A,https://data.sec.gov/api/xbrl/companyconcept/CIK0000070318/dei/EntityCommonStockSharesOutstanding.json#accn=0001558370-15-000132,,,RESOLVED,,1
3488,TW,2015-04-17,2015-04-17T15:17:00-04:00,0001470215,2015-01-30,2015-02-05T23:59:59-05:00,69568719,sec_cover_page,10-Q,0001470215-15-000003,2015-02-05,77,A,https://www.sec.gov/Archives/edgar/data/1470215/000147021515000003/tw-20141231x10q.htm,,,RESOLVED,,1
3489,TXT,2015-04-17,2015-04-17T15:04:00-04:00,0000217346,2015-02-07,2015-02-25T23:59:59-05:00,276834630,sec_cover_page,10-K,0001104659-15-013784,2015-02-25,69,A,https://www.sec.gov/Archives/edgar/data/217346/000110465915013784/a14-26298_110k.htm,,,RESOLVED,,1
3490,ACHC,2015-04-20,2015-04-20T14:05:00-04:00,0001520697,2015-02-27,2015-02-27T23:59:59-05:00,66452931,sec_cover_page,10-K,0001193125-15-069793,2015-02-27,52,A,https://www.sec.gov/Archives/edgar/data/1520697/000119312515069793/d854534d10k.htm,,,RESOLVED,,1
3491,ADI,2015-04-20,2015-04-20T14:45:00-04:00,0000006281,2015-01-31,2015-02-17T23:59:59-05:00,311627385,dei:EntityCommonStockSharesOutstanding,10-Q,0000006281-15-000005,2015-02-17,79,A,https://data.sec.gov/api/xbrl/companyconcept/CIK0000006281/dei/EntityCommonStockSharesOutstanding.json#accn=0000006281-15-000005,,,RESOLVED,,1
3492,ALSN,2015-04-20,2015-04-20T14:47:00-04:00,0001411207,2015-02-05,2015-02-20T23:59:59-05:00,180053650,dei:EntityCommonStockSharesOutstanding,10-K,0001193125-15-055034,2015-02-20,74,A,https://data.sec.gov/api/xbrl/companyconcept/CIK0001411207/dei/EntityCommonStockSharesOutstanding.json#accn=0001193125-15-055034,,,RESOLVED,,1
3493,AMP,2015-04-20,2015-04-20T14:52:00-04:00,0000820027,2015-02-13,2015-02-24T23:59:59-05:00,182511452,dei:EntityCommonStockSharesOutstanding,10-K,0000820027-15-000024,2015-02-24,66,A,https://data.sec.gov/api/xbrl/companyconcept/CIK0000820027/dei/EntityCommonStockSharesOutstanding.json#accn=0000820027-15-000024,,,RESOLVED,,1
3494,BRKR,2015-04-20,2015-04-20T15:00:00-04:00,0001109354,2015-02-19,2015-02-27T23:59:59-05:00,168559338,sec_cover_page,10-K,0001047469-15-001394,2015-02-27,60,A,https://www.sec.gov/Archives/edgar/data/1109354/000104746915001394/a2223291z10-k.htm,,,RESOLVED,,1
3495,CACI,2015-04-20,2015-04-20T14:24:00-04:00,0000016058,2015-01-26,2015-01-30T23:59:59-05:00,24162793,sec_cover_page,10-Q,0001193125-15-027286,2015-01-30,84,A,https://www.sec.gov/Archives/edgar/data/16058/000119312515027286/d858591d10q.htm,,,RESOLVED,,1
3496,CAKE,2015-04-20,2015-04-20T13:52:00-04:00,0000887596,2015-02-16,2015-03-02T23:59:59-05:00,49951875,dei:EntityCommonStockSharesOutstanding,10-K,0001104659-15-015350,2015-03-02,63,A,https://data.sec.gov/api/xbrl/companyconcept/CIK0000887596/dei/EntityCommonStockSharesOutstanding.json#accn=0001104659-15-015350,,,RESOLVED,,1
3497,CBT,2015-04-20,2015-04-20T13:03:00-04:00,0000016040,2015-02-03,2015-02-05T23:59:59-05:00,63717924,sec_cover_page,10-Q,0001193125-15-035405,2015-02-05,76,A,https://www.sec.gov/Archives/edgar/data/16040/000119312515035405/d850813d10q.htm,,,RESOLVED,,1
3498,CGNX,2015-04-20,2015-04-20T14:39:00-04:00,0000851205,2015-02-01,2015-02-12T23:59:59-05:00,86544015,dei:EntityCommonStockSharesOutstanding,10-K,0000851205-15-000003,2015-02-12,78,A,https://data.sec.gov/api/xbrl/companyconcept/CIK0000851205/dei/EntityCommonStockSharesOutstanding.json#accn=0000851205-15-000003,,,RESOLVED,,1
3499,CLD,2015-04-20,2015-04-20T15:03:00-04:00,0001441849,2015-02-11,2015-02-18T23:59:59-05:00,61021242,sec_cover_page,10-K,0001104659-15-011392,2015-02-18,68,A,https://www.sec.gov/Archives/edgar/data/1441849/000110465915011392/a15-1789_110k.htm,,,RESOLVED,,1
3500,CMP,2015-04-20,2015-04-20T15:16:00-04:00,0001227654,2015-02-19,2015-02-23T23:59:59-05:00,33615517,sec_cover_page,10-K,0001140361-15-008475,2015-02-23,60,A,https://www.sec.gov/Archives/edgar/data/1227654/000114036115008475/form10k.htm,,,RESOLVED,,1
